0.930, 19.222  
1.430, 42.110  
1.930, 68.365  
2.430, 57.188  
2.930, -58.670  
3.430, -25.671  
3.930, 29.618  
4.430, 7.203  
4.930, 13.869  
5.430, 39.842  
5.930, 2.658  
6.430, -17.066  
6.930, -4.835  
7.430, -7.659  
7.930, -10.383  
8.430, 30.355  
8.930, 43.005  
9.430, 14.415  
9.930, 25.950  
10.430, -7.596  
10.930, -17.817  
11.430, 54.564  
11.930, 32.418  
12.430, -19.430  
12.930, -26.783  
13.430, 21.097  
13.930, 37.577  
14.430, -33.290  
14.930, -10.256  
15.430, 11.210  
15.930, 14.149  
16.430, 53.213  
16.930, 56.197  
17.430, -9.910  
17.930, 13.980  
18.430, -12.988  
18.930, -55.702  
19.430, -23.708  
19.930, 14.614  
20.430, 1.305  
20.930, 20.319  
21.430, 24.621  
21.930, 0.052  
22.430, 6.255  
22.930, 27.482  
23.430, 3.990  
23.930, 8.317  
24.430, 15.445  
24.930, -38.933  
25.430, 2.810  
25.930, 22.771  
26.430, -49.673  
26.930, -30.748  
27.430, -32.341  
27.930, -31.130  
28.430, 44.470  
28.930, 47.965  
29.430, 26.867  
29.930, 20.308  
30.430, -51.564  
30.930, 49.130  
31.430, 40.063  
31.930, -24.790  
32.430, -65.298  
32.930, -112.537  
33.430, -61.395  
33.930, 43.311  
34.430, 40.502  
34.930, 35.275  
35.430, 65.631  
35.930, 19.911  
36.430, -55.419  
36.930, -50.874  
37.430, 3.355  
37.930, 20.204  
38.430, 16.259  
38.930, -17.775  
39.430, -9.194  
39.930, 2.377  
40.430, -18.867  
40.930, 15.222  
41.430, 46.605  
41.930, -19.817  
42.430, -17.451  
42.930, 46.185  
43.430, 72.777  
43.930, 3.475  
44.430, -78.769  
44.930, -10.962  
45.430, 64.905  
45.930, 44.283  
46.430, -59.244  
46.930, -124.933  
47.430, -43.443  
47.930, 42.113  
48.430, 36.983  
48.930, 24.664  
49.430, 42.594  
49.930, 24.722  
50.430, 24.970  
50.930, 21.579  
51.430, -68.923  
51.930, -65.374  
52.430, 22.893  
52.930, 29.817  
53.430, 13.589  
53.930, 15.495  
54.430, -25.772  
54.930, -28.121  
55.430, -2.621  
55.930, 1.243  
56.430, 33.016  
56.930, 35.389  
57.430, 13.293  
57.930, 43.653  
58.430, 31.529  
58.930, -27.297  
59.430, -47.551  
59.930, -79.739  
60.430, -13.115  
60.930, 71.182  
61.430, -0.722  
61.930, -183.871  
62.430, -56.762  
62.930, 40.564  
63.430, 50.318  
63.930, 215.470  
64.430, 128.127  
64.930, -400.356  
65.430, -391.152  
65.930, -165.958  
66.430, 8.754  
66.930, 252.515  
67.430, 297.442  
67.930, 84.821  
68.430, -24.088  
68.930, -265.846  
69.430, -327.994  
69.930, -148.084  
70.430, 8.332  
70.930, 125.460  
71.430, 214.543  
71.930, 134.059  
72.430, 55.751  
72.930, -112.459  
73.430, -198.089  
73.930, -185.940  
74.430, -120.443  
74.930, -41.307  
75.430, 41.557  
75.930, 92.670  
76.430, 106.259  
76.930, 81.869  
77.430, -6.994  
77.930, -27.334  
78.430, 17.816  
78.930, 10.948  
79.430, -49.371  
79.930, -48.774  
80.430, 10.873  
80.930, -75.778  
81.430, -116.315  
81.930, 29.377  
82.430, 45.603  
82.930, 81.580  
83.430, 75.001  
83.930, 55.270  
84.430, 51.225  
84.930, -37.929  
85.430, -23.611  
85.930, -14.410  
86.430, -80.977  
86.930, -120.548  
87.430, -149.569  
87.930, -34.453  
88.430, 58.076  
88.930, 62.200  
89.430, 93.422  
89.930, 88.268  
90.430, 49.968  
90.930, 47.436  
91.430, -13.456  
91.930, -142.220  
92.430, -65.167  
92.930, -68.933  
93.430, -178.384  
93.930, -111.773  
94.430, 73.876  
94.930, 103.079  
95.430, 91.091  
95.930, 89.599  
96.430, 97.798  
96.930, -4.341  
97.430, -147.686  
97.930, -118.397  
98.430, -97.136  
98.930, -87.300  
99.430, 0.160  
99.930, 55.771  
100.430, 27.225  
100.930, 45.090  
101.430, 36.282  
101.930, 26.901  
102.430, 26.173  
102.930, -51.712  
103.430, -68.904  
103.930, -10.829  
104.430, -6.204  
104.930, -19.755  
105.430, -3.135  
105.930, 24.001  
106.430, -0.483  
106.930, -15.194  
107.430, 20.202  
107.930, 44.542  
108.430, 35.432  
108.930, -5.274  
109.430, -42.998  
109.930, 8.187  
110.430, 17.035  
110.930, 4.176  
111.430, 2.693  
111.930, -62.073  
112.430, -1.364  
112.930, 43.674  
113.430, 5.636  
113.930, 46.406  
114.430, 22.116  
114.930, -44.809  
115.430, -16.909  
115.930, -34.245  
116.430, 11.818  
116.930, 32.414  
117.430, 6.641  
117.930, -0.337  
118.430, 1.282  
118.930, -1.093  
119.430, -6.891  
119.930, 1.375  
120.430, 19.232  
120.930, 21.222  
121.430, 4.151  
121.930, -27.425  
122.430, -11.524  
122.930, 11.427  
123.430, -8.495  
123.930, -17.859  
124.430, -8.871  
124.930, 11.946  
125.430, 32.096  
125.930, 22.111  
126.430, 3.298  
126.930, 7.072  
127.430, 38.884  
127.930, 4.750  
128.430, -57.497  
128.930, -45.329  
129.430, -4.285  
129.930, 8.073  
130.430, 23.776  
130.930, 15.314  
131.430, 14.461  
131.930, 1.938  
132.430, 26.903  
132.930, 32.938  
133.430, 4.987  
133.930, 6.678  
134.430, -27.566  
134.930, -28.143  
135.430, 1.144  
135.930, -15.956  
136.430, -21.408  
136.930, -15.932  
137.430, -24.210  
137.930, 22.896  
138.430, 37.539  
138.930, 37.348  
139.430, 45.636  
139.930, 40.964  
140.430, -11.707  
140.930, -28.014  
141.430, -71.639  
141.930, -49.831  
142.430, -8.183  
142.930, -20.174  
143.430, -20.486  
143.930, 15.145  
144.430, 45.987  
144.930, 42.783  
145.430, 46.526  
145.930, 75.617  
146.430, 0.938  
146.930, -85.986  
147.430, -51.818  
147.930, -92.056  
148.430, -20.354  
148.930, 54.944  
149.430, 16.972  
149.930, -77.068  
150.430, -20.964  
150.930, 48.021  
151.430, 48.505  
151.930, 23.646  
152.430, 7.116  
152.930, -29.447  
153.430, -20.341  
153.930, 2.744  
154.430, -9.909  
154.930, -46.009  
155.430, -28.061  
155.930, 1.551  
156.430, 20.215  
156.930, 19.267  
157.430, 34.683  
157.930, 6.492  
158.430, -36.613  
158.930, -3.959  
159.430, 13.568  
159.930, 16.315  
160.430, 9.879  
160.930, -56.778  
161.430, -10.501  
161.930, 12.221  
162.430, -21.703  
162.930, -0.062  
163.430, -3.609  
163.930, 14.724  
164.430, 40.192  
164.930, -15.515  
165.430, 5.352  
165.930, -11.725  
166.430, -96.675  
166.930, -24.187  
167.430, 23.640  
167.930, 60.312  
168.430, 58.188  
168.930, 29.092  
169.430, -28.124  
169.930, -102.871  
170.430, -70.112  
170.930, -0.199  
171.430, 35.244  
171.930, 54.964  
172.430, 19.977  
172.930, -11.721  
173.430, -4.646  
173.930, 18.207  
174.430, 28.863  
174.930, -13.339  
175.430, -5.481  
175.930, 36.592  
176.430, 17.327  
176.930, -41.090  
177.430, -22.141  
177.930, -61.225  
178.430, -48.438  
178.930, 15.126  
179.430, 59.901  
179.930, 57.894  
180.430, 30.181  
180.930, -9.820  
181.430, -28.575  
181.930, -18.297  
182.430, 24.097  
182.930, 28.562  
183.430, 12.212  
183.930, -35.510  
184.430, -49.082  
184.930, -10.789  
185.430, 13.096  
185.930, 32.823  
186.430, 14.752  
186.930, 9.927  
187.430, 15.588  
187.930, -13.055  
188.430, 13.989  
188.930, 43.785  
189.430, 8.018  
189.930, 17.349  
190.430, -29.195  
190.930, -105.887  
191.430, -45.527  
191.930, 20.726  
192.430, 28.542  
192.930, 17.154  
193.430, 8.625  
193.930, 12.297  
194.430, 24.935  
194.930, 21.988  
195.430, -31.171  
195.930, 10.971  
196.430, 32.506  
196.930, -27.170  
197.430, -63.719  
197.930, -17.288  
198.430, 18.785  
198.930, 19.054  
199.430, -14.452  
199.930, -24.117  
200.430, 11.416  
200.930, 119.222  
201.430, 52.551  
201.930, -35.702  
202.430, -38.925  
202.930, 4.175  
203.430, 37.293  
203.930, 4.102  
204.430, -33.631  
204.930, -52.642  
205.430, -20.469  
205.930, 56.301  
206.430, 43.063  
206.930, 7.228  
207.430, 22.275  
207.930, -0.220  
208.430, -4.953  
208.930, -13.788  
209.430, 15.689  
209.930, 61.213  
210.430, 8.288  
210.930, -43.641  
211.430, -60.010  
211.930, -33.257  
212.430, 35.283  
212.930, 37.348  
213.430, 17.407  
213.930, 20.325  
214.430, 57.208  
214.930, 7.410  
215.430, -49.954  
215.930, -23.841  
216.430, 5.467  
216.930, -14.005  
217.430, 3.083  
217.930, 23.148  
218.430, 45.633  
218.930, 14.807  
219.430, -4.775  
219.930, 6.612  
220.430, -24.758  
220.930, -32.715  
221.430, 12.641  
221.930, 41.556  
222.430, 4.370  
222.930, -19.650  
223.430, 18.594  
223.930, -7.009  
224.430, -16.166  
224.930, 3.302  
225.430, 38.445  
225.930, 4.945  
226.430, -35.250  
226.930, 16.812  
227.430, 13.260  
227.930, 19.295  
228.430, 1.346  
228.930, -37.249  
229.430, 14.042  
229.930, 24.718  
230.430, -38.212  
230.930, -70.386  
231.430, -6.110  
231.930, 21.890  
232.430, 38.846  
232.930, 62.354  
233.430, 12.020  
233.930, -86.259  
234.430, -106.451  
234.930, -22.079  
235.430, 64.366  
235.930, 49.950  
236.430, 53.154  
236.930, 41.661  
237.430, -31.180  
237.930, -16.013  
238.430, -15.241  
238.930, -37.212  
239.430, 17.903  
239.930, 10.420  
240.430, -9.851  
240.930, -17.778  
241.430, 36.740  
241.930, 43.863  
242.430, -19.492  
242.930, -29.561  
243.430, -15.510  
243.930, 3.679  
244.430, 30.083  
244.930, 6.414  
245.430, 5.420  
245.930, -14.518  
246.430, -7.988  
246.930, 39.081  
247.430, -35.708  
247.930, -47.456  
248.430, 23.524  
248.930, 40.723  
249.430, 58.926  
249.930, 18.388  
250.430, -42.845  
250.930, -73.285  
251.430, -29.329  
251.930, 61.355  
252.430, 20.729  
252.930, -17.168  
253.430, 0.649  
253.930, 6.328  
254.430, 6.104  
254.930, -0.780  
255.430, 0.309  
255.930, 14.034  
256.430, 14.547  
256.930, 12.405  
257.430, 8.998  
257.930, -40.352  
258.430, -10.085  
258.930, 15.043  
259.430, -15.740  
259.930, -27.496  
260.430, 35.987  
260.930, 17.763  
261.430, -0.139  
261.930, 7.608  
262.430, 31.793  
262.930, -11.949  
263.430, -26.341  
263.930, 8.334  
264.430, 10.424  
264.930, 21.918  
265.430, 10.820  
265.930, -99.723  
266.430, 5.428  
266.930, 48.321  
267.430, 36.216  
267.930, -6.861  
268.430, -2.606  
268.930, 3.643  
269.430, -32.767  
269.930, -30.946  
270.430, -16.063  
270.930, 23.595  
271.430, 51.203  
271.930, 12.834  
272.430, -14.505  
272.930, 2.629  
273.430, -21.385  
273.930, -21.017  
274.430, 36.223  
274.930, 16.493  
275.430, -37.105  
275.930, 12.883  
276.430, 21.126  
276.930, 38.857  
277.430, 15.860  
277.930, -90.038  
278.430, -14.642  
278.930, 34.406  
279.430, 20.948  
279.930, 7.840  
280.430, -84.245  
280.930, -16.778  
281.430, 73.812  
281.930, 4.599  
282.430, -3.662  
282.930, 22.501  
283.430, 22.136  
283.930, 25.903  
284.430, -13.040  
284.930, -26.154  
285.430, 3.760  
285.930, -40.011  
286.430, 4.553  
286.930, 38.337  
287.430, 16.140  
287.930, 14.195  
288.430, 23.243  
288.930, 8.388  
289.430, -41.026  
289.930, -8.588  
290.430, 13.061  
290.930, -1.256  
291.430, 26.227  
291.930, 76.413  
292.430, 0.534  
292.930, -58.796  
293.430, -24.813  
293.930, -38.097  
294.430, -10.226  
294.930, 68.001  
295.430, 35.007  
295.930, 22.110  
296.430, 20.873  
296.930, -39.574  
297.430, -33.342  
297.930, -18.324  
298.430, -9.258  
298.930, 15.624  
299.430, 40.285  
299.930, 17.721  
300.430, -34.942  
300.930, 21.200  
301.430, 11.402  
301.930, 14.601  
302.430, -9.818  
302.930, -22.921  
303.430, 21.757  
303.930, -0.158  
304.430, -62.227  
304.930, -42.178  
305.430, 56.760  
305.930, 80.320  
306.430, 9.007  
306.930, -10.016  
307.430, -9.902  
307.930, -8.302  
308.430, 14.003  
308.930, -8.777  
309.430, -72.317  
309.930, 5.713  
310.430, 51.048  
310.930, 13.655  
311.430, 28.361  
311.930, 20.639  
312.430, -48.158  
312.930, 15.228  
313.430, 44.698  
313.930, -46.540  
314.430, -5.647  
314.930, 33.391  
315.430, 15.181  
315.930, -32.182  
316.430, -16.903  
316.930, -14.917  
317.430, -8.022  
317.930, 37.588  
318.430, 36.528  
318.930, 33.439  
319.430, 9.055  
319.930, -29.667  
320.430, -0.756  
320.930, 50.222  
321.430, -52.692  
321.930, -18.881  
322.430, 2.314  
322.930, -4.354  
323.430, 38.688  
323.930, 25.752  
324.430, 6.546  
324.930, -2.670  
325.430, 14.274  
325.930, 44.836  
326.430, -20.633  
326.930, -45.160  
327.430, 35.644  
327.930, -15.532  
328.430, -33.852  
328.930, -10.213  
329.430, 1.415  
329.930, 44.754  
330.430, 81.200  
330.930, 24.020  
331.430, -52.013  
331.930, -20.326  
332.430, -18.244  
332.930, -11.636  
333.430, 25.462  
333.930, 39.768  
334.430, -36.075  
334.930, -36.408  
335.430, 1.296  
335.930, 11.305  
336.430, 36.773  
336.930, 24.332  
337.430, 3.741  
337.930, 34.314  
338.430, -0.626  
338.930, -63.522  
339.430, -30.098  
339.930, 30.228  
340.430, -9.141  
340.930, -11.441  
341.430, 9.973  
341.930, 22.226  
342.430, 37.681  
342.930, 9.135  
343.430, -47.305  
343.930, -62.478  
344.430, -29.234  
344.930, -9.399  
345.430, 11.749  
345.930, 29.053  
346.430, 27.156  
346.930, 23.967  
347.430, 5.630  
347.930, -51.218  
348.430, -11.114  
348.930, -12.338  
349.430, -25.412  
349.930, 0.498  
350.430, -13.236  
350.930, 37.945  
351.430, 28.063  
351.930, -3.014  
352.430, -2.647  
352.930, 18.881  
353.430, 7.224  
353.930, -24.552  
354.430, -8.599  
354.930, 9.692  
355.430, 42.003  
355.930, 31.473  
356.430, -53.264  
356.930, -56.160  
357.430, -14.653  
357.930, 4.137  
358.430, 34.709  
358.930, 16.995  
359.430, -45.098  
359.930, 15.345  
360.430, 54.541  
360.930, -12.778  
361.430, -9.164  
361.930, -7.535  
362.430, -27.446  
362.930, 12.486  
363.430, -15.274  
363.930, -39.094  
364.430, 29.810  
364.930, 36.648  
365.430, 8.065  
365.930, 6.985  
366.430, 1.796  
366.930, 23.215  
367.430, 2.778  
367.930, 7.263  
368.430, -9.149  
368.930, -48.921  
369.430, 26.372  
369.930, 33.322  
370.430, -26.216  
370.930, 8.318  
371.430, 25.617  
371.930, -19.575  
372.430, -22.094  
372.930, 44.231  
373.430, 47.040  
373.930, 10.016  
374.430, -1.272  
374.930, -42.075  
375.430, -56.448  
375.930, 4.947  
376.430, 47.435  
376.930, 52.535  
377.430, 13.921  
377.930, -15.351  
378.430, -55.188  
378.930, -29.098  
379.430, 17.528  
379.930, 16.219  
