-40.498, -31.413  
-39.998, -28.616  
-39.498, -20.843  
-38.998, 7.075  
-38.498, 11.334  
-37.998, -14.574  
-37.498, -35.469  
-36.998, -22.252  
-36.498, -6.983  
-35.998, -4.919  
-35.498, 6.998  
-34.998, 5.681  
-34.498, -14.352  
-33.998, -0.093  
-33.498, -49.481  
-32.998, -14.298  
-32.498, -2.420  
-31.998, -0.793  
-31.498, 0.363  
-30.998, -7.393  
-30.498, 4.411  
-29.998, -2.714  
-29.498, -22.559  
-28.998, -24.236  
-28.498, -15.405  
-27.998, -6.572  
-27.498, -0.346  
-26.998, 3.366  
-26.498, -9.442  
-25.998, -37.398  
-25.498, -35.100  
-24.998, -1.894  
-24.498, 7.076  
-23.998, 0.229  
-23.498, 0.024  
-22.998, -18.294  
-22.498, -21.526  
-21.998, -11.411  
-21.498, -4.713  
-20.998, 38.372  
-20.498, 29.021  
-19.998, 5.800  
-19.498, -18.485  
-18.998, -17.947  
-18.498, 4.262  
-17.998, 16.577  
-17.498, 19.851  
-16.998, 28.407  
-16.498, -23.586  
-15.998, 4.981  
-15.498, 13.543  
-14.998, -7.913  
-14.498, -23.190  
-13.998, -30.355  
-13.498, -6.537  
-12.998, 22.407  
-12.498, 39.149  
-11.998, 49.356  
-11.498, 5.499  
-10.998, -8.907  
-10.498, -7.606  
-9.998, -5.718  
-9.498, -7.519  
-8.998, 24.682  
-8.498, 12.652  
-7.998, -38.953  
-7.498, -32.209  
-6.998, 24.681  
-6.498, 42.764  
-5.998, 10.220  
-5.498, -1.975  
-4.998, -17.527  
-4.498, -9.536  
-3.998, 7.531  
-3.498, 14.090  
-2.998, 11.263  
-2.498, 5.783  
-1.998, -1.244  
-1.498, -7.475  
-0.998, -9.637  
-0.498, 14.587  
0.002, 3.742  
0.502, 23.613  
1.002, -19.911  
1.502, -38.165  
2.002, -30.631  
2.502, -11.543  
3.002, 19.872  
3.502, 35.135  
4.002, 11.389  
4.502, -32.379  
5.002, -39.752  
5.502, -11.449  
6.002, 1.972  
6.502, 3.701  
7.002, -0.881  
7.502, 10.913  
8.002, 18.728  
8.502, -0.363  
9.002, -25.210  
9.502, -27.510  
10.002, -2.568  
10.502, 17.948  
11.002, 15.391  
11.502, -0.841  
12.002, 6.556  
12.502, 2.293  
13.002, -30.941  
13.502, -31.066  
14.002, 13.818  
14.502, 18.413  
15.002, -4.810  
15.502, -25.002  
16.002, -28.542  
16.502, 19.681  
17.002, 11.516  
17.502, 9.239  
18.002, 12.870  
18.502, 0.196  
19.002, -42.977  
19.502, -49.807  
20.002, -29.195  
20.502, -2.770  
21.002, 22.700  
21.502, 0.414  
22.002, -7.480  
22.502, 17.923  
23.002, -2.583  
23.502, 24.949  
24.002, 23.860  
24.502, -6.232  
25.002, -34.358  
25.502, -12.639  
26.002, -1.736  
26.502, -1.050  
27.002, -15.067  
27.502, -31.220  
28.002, 32.008  
28.502, 10.945  
29.002, 12.106  
29.502, 17.758  
30.002, 9.399  
30.502, -33.425  
31.002, -11.948  
31.502, 7.040  
32.002, 7.604  
32.502, 3.318  
33.002, -2.141  
33.502, -29.822  
34.002, 7.156  
34.502, -30.232  
35.002, 0.993  
35.502, 30.402  
36.002, 13.446  
36.502, -4.134  
37.002, -11.900  
37.502, -19.932  
38.002, -28.010  
38.502, -35.914  
39.002, -42.880  
39.502, -28.413  
40.002, -8.324  
40.502, 1.976  
41.002, -20.550  
41.502, -11.390  
42.002, 4.327  
42.502, -5.213  
43.002, -33.667  
43.502, -45.393  
44.002, 10.020  
44.502, 8.459  
45.002, 1.178  
45.502, 0.742  
46.002, -19.839  
46.502, -46.904  
47.002, -13.782  
47.502, 0.399  
48.002, -1.816  
48.502, -4.584  
49.002, 15.562  
49.502, -34.511  
50.002, -17.812  
50.502, -3.727  
51.002, 0.400  
51.502, -10.228  
52.002, -35.214  
52.502, -24.018  
53.002, 26.511  
53.502, 33.772  
54.002, -1.166  
54.502, -39.024  
55.002, -36.360  
55.502, -35.366  
56.002, -40.905  
56.502, 23.208  
57.002, 21.718  
57.502, 2.569  
58.002, -20.133  
58.502, -36.576  
59.002, 5.236  
59.502, 37.219  
60.002, 36.436  
60.502, -8.850  
61.002, -24.758  
61.502, -2.687  
62.002, 21.753  
62.502, 31.155  
63.002, -63.331  
63.502, 5.324  
64.002, 7.907  
64.502, 0.787  
65.002, -0.775  
65.502, 12.417  
66.002, 25.038  
66.502, 30.352  
67.002, 0.355  
67.502, -53.425  
68.002, -31.125  
68.502, 23.856  
69.002, 12.070  
69.502, 6.440  
70.002, 5.939  
70.502, -37.065  
71.002, 19.587  
71.502, 29.768  
72.002, -0.621  
72.502, -18.952  
73.002, -3.744  
73.502, 24.157  
74.002, 41.857  
74.502, 20.421  
75.002, -11.341  
75.502, -68.447  
76.002, -46.440  
76.502, -15.408  
77.002, 12.219  
77.502, 19.286  
78.002, 10.258  
78.502, -5.824  
79.002, -20.822  
79.502, -49.413  
80.002, 6.338  
80.502, -6.282  
81.002, -6.784  
81.502, -4.845  
82.002, -14.663  
82.502, -44.628  
83.002, -15.019  
83.502, 38.669  
84.002, -10.285  
84.502, 0.421  
85.002, 22.728  
85.502, 12.360  
86.002, -19.262  
86.502, -14.644  
87.002, -54.530  
87.502, -35.978  
88.002, -1.672  
88.502, 30.256  
89.002, 12.703  
89.502, 2.801  
90.002, 2.418  
90.502, -8.698  
91.002, -12.864  
91.502, -2.310  
92.002, -15.142  
92.502, -51.028  
93.002, -10.534  
93.502, 35.364  
94.002, 21.648  
94.502, -8.884  
95.002, 4.157  
95.502, 1.910  
96.002, -11.048  
96.502, -24.772  
97.002, -18.581  
97.502, 1.740  
98.002, 10.961  
98.502, -28.927  
99.002, -8.802  
99.502, 2.992  
100.002, 13.960  
100.502, 22.726  
101.002, -1.591  
101.502, -22.110  
102.002, -25.813  
102.502, -4.193  
103.002, 23.981  
103.502, 23.974  
104.002, -3.467  
104.502, -28.302  
105.002, -25.450  
105.502, 28.515  
106.002, 5.151  
106.502, 6.987  
107.002, 11.119  
107.502, -2.910  
108.002, -39.483  
108.502, -19.748  
109.002, -24.842  
109.502, -10.738  
110.002, 17.258  
110.502, 35.297  
111.002, 19.952  
111.502, 3.307  
112.002, -9.851  
112.502, -13.345  
113.002, 0.708  
113.502, 22.853  
114.002, 9.729  
114.502, -8.117  
115.002, -21.634  
115.502, 3.076  
116.002, 17.026  
116.502, 6.749  
117.002, -3.381  
117.502, -5.912  
118.002, -6.504  
118.502, -6.023  
119.002, -5.005  
119.502, 3.587  
120.002, -62.134  
120.502, -36.440  
121.002, -9.222  
121.502, 11.191  
122.002, 0.582  
122.502, -30.366  
123.002, -7.321  
123.502, -2.857  
124.002, 16.348  
124.502, 15.059  
125.002, -33.670  
125.502, -67.041  
126.002, -33.291  
126.502, -17.717  
127.002, 9.218  
127.502, 24.367  
128.002, -5.833  
128.502, -71.492  
129.002, -57.843  
129.502, 20.936  
130.002, 14.392  
130.502, 18.057  
131.002, 25.778  
131.502, 17.793  
132.002, -102.374  
132.502, -131.330  
133.002, -60.199  
133.502, 27.665  
134.002, 67.405  
134.502, 42.308  
135.002, 9.956  
135.502, -21.941  
136.002, -45.891  
136.502, -33.909  
137.002, -12.884  
137.502, -0.050  
138.002, -10.257  
138.502, -33.707  
139.002, 11.974  
139.502, 18.638  
140.002, 5.046  
140.502, -21.642  
141.002, 34.720  
141.502, -2.478  
142.002, -20.279  
142.502, -8.232  
143.002, -44.568  
143.502, 18.747  
144.002, 22.223  
144.502, 14.746  
145.002, 7.352  
145.502, 2.941  
146.002, 1.186  
146.502, -6.151  
147.002, -16.820  
147.502, -26.398  
148.002, -17.732  
148.502, -30.348  
149.002, 21.645  
149.502, 33.957  
150.002, 10.762  
150.502, 3.946  
151.002, 22.744  
151.502, -3.125  
152.002, -13.251  
152.502, -2.230  
153.002, 5.490  
153.502, -33.742  
154.002, 16.965  
154.502, 34.166  
155.002, -12.290  
155.502, -17.541  
156.002, -10.332  
156.502, 5.044  
157.002, 16.489  
157.502, -6.763  
158.002, -46.313  
158.502, -79.135  
159.002, -82.258  
159.502, -49.413  
160.002, 5.648  
160.502, -5.408  
161.002, -19.083  
161.502, -19.725  
162.002, -25.793  
162.502, -53.582  
163.002, 1.464  
163.502, -10.110  
164.002, -24.643  
164.502, -20.880  
165.002, -5.017  
165.502, 1.098  
166.002, -45.046  
166.502, 27.301  
167.002, -6.625  
167.502, -45.027  
168.002, -75.225  
168.502, -67.272  
169.002, -36.843  
169.502, 17.005  
170.002, 40.732  
170.502, 30.272  
171.002, 6.253  
171.502, -16.012  
172.002, -22.233  
172.502, -34.138  
173.002, -56.244  
173.502, -68.997  
174.002, -40.823  
174.502, 11.599  
175.002, -1.235  
175.502, -0.441  
176.002, 11.383  
176.502, 4.037  
177.002, 13.762  
177.502, 0.896  
178.002, -36.667  
178.502, -38.765  
179.002, -31.777  
179.502, -27.670  
180.002, -30.405  
180.502, -44.708  
181.002, 12.121  
181.502, 28.833  
182.002, 33.774  
182.502, 25.353  
183.002, -26.721  
183.502, -9.595  
184.002, -42.684  
184.502, -47.073  
185.002, -20.570  
185.502, -11.143  
186.002, -15.694  
186.502, -20.511  
187.002, 4.011  
187.502, 71.398  
188.002, -19.968  
188.502, -22.915  
189.002, -5.771  
189.502, -4.950  
190.002, -12.048  
190.502, -13.829  
191.002, -19.127  
191.502, -15.478  
192.002, -21.460  
192.502, -19.041  
193.002, 12.463  
193.502, 51.016  
194.002, -2.616  
194.502, -8.296  
195.002, -2.265  
195.502, -9.661  
196.002, -25.778  
196.502, -8.931  
197.002, 20.361  
197.502, 15.102  
198.002, 0.306  
198.502, -12.293  
199.002, -9.722  
199.502, 30.587  
200.002, -23.341  
200.502, -12.063  
201.002, -7.682  
201.502, 0.258  
202.002, -7.038  
202.502, -32.401  
203.002, 3.953  
203.502, 37.923  
204.002, 18.992  
204.502, -6.472  
205.002, -46.881  
205.502, -62.572  
206.002, -21.792  
206.502, 19.671  
207.002, 34.759  
207.502, 28.986  
208.002, 9.600  
208.502, -23.482  
209.002, -4.312  
209.502, -17.800  
210.002, -26.562  
210.502, 1.047  
211.002, 32.281  
211.502, 19.175  
212.002, -27.054  
212.502, 27.519  
213.002, -6.376  
213.502, -21.490  
214.002, 0.791  
214.502, 1.549  
215.002, 2.232  
215.502, -1.414  
216.002, -10.605  
216.502, 24.087  
217.002, 8.844  
217.502, -3.869  
218.002, -15.656  
218.502, -56.648  
219.002, 1.189  
219.502, 1.084  
220.002, -4.476  
220.502, -9.734  
221.002, -13.586  
221.502, -37.688  
222.002, -35.147  
222.502, -12.284  
223.002, 7.693  
223.502, -16.255  
224.002, -42.362  
224.502, -49.776  
225.002, -17.644  
225.502, -4.972  
226.002, -24.194  
226.502, -13.753  
227.002, 4.236  
227.502, -7.629  
228.002, -61.512  
228.502, -30.824  
229.002, -11.242  
229.502, -6.258  
230.002, -4.452  
230.502, 4.357  
231.002, -47.779  
231.502, -48.371  
232.002, -14.418  
232.502, 8.457  
233.002, 2.695  
233.502, -16.448  
234.002, -8.921  
234.502, -45.494  
235.002, -64.703  
235.502, -49.375  
236.002, 5.045  
236.502, 24.567  
237.002, 22.020  
237.502, 17.561  
238.002, 11.808  
238.502, 4.741  
239.002, -4.772  
239.502, -37.413  
240.002, -1.104  
240.502, 1.579  
241.002, 20.493  
241.502, 27.365  
242.002, 19.892  
242.502, 8.338  
243.002, 30.524  
243.502, -44.848  
244.002, -25.689  
244.502, -0.063  
245.002, 19.051  
245.502, 8.333  
246.002, -19.169  
246.502, 2.816  
247.002, 24.464  
247.502, 20.092  
248.002, -7.159  
248.502, -20.820  
249.002, -11.616  
249.502, 34.044  
250.002, 40.791  
250.502, -18.484  
251.002, -43.143  
251.502, -9.699  
252.002, 33.332  
252.502, 31.663  
253.002, 14.500  
253.502, -2.973  
254.002, -19.370  
254.502, -25.586  
255.002, 3.489  
255.502, 28.153  
256.002, 29.338  
256.502, 15.654  
257.002, -0.452  
257.502, -1.899  
258.002, 11.716  
258.502, -33.015  
259.002, 3.271  
259.502, 7.285  
260.002, 1.143  
260.502, -8.012  
261.002, -18.486  
261.502, -11.926  
262.002, -10.697  
262.502, -18.577  
263.002, 10.847  
263.502, 26.813  
264.002, -9.068  
264.502, -41.355  
265.002, -29.629  
265.502, 5.861  
266.002, 16.564  
266.502, 3.245  
267.002, -12.948  
267.502, -27.860  
268.002, -21.286  
268.502, 10.301  
269.002, -3.268  
269.502, -8.479  
270.002, -4.009  
270.502, -5.315  
271.002, -3.586  
271.502, 3.525  
272.002, -9.353  
272.502, -29.721  
273.002, -31.248  
273.502, 17.975  
274.002, 16.932  
274.502, -2.815  
275.002, -3.655  
275.502, -28.255  
276.002, -18.023  
276.502, -11.810  
277.002, -9.907  
277.502, -3.445  
278.002, 5.114  
278.502, 13.131  
279.002, 15.361  
279.502, -37.413  
280.002, -0.788  
280.502, 23.658  
281.002, 37.391  
281.502, -13.111  
282.002, -57.654  
282.502, -39.707  
283.002, -8.226  
283.502, -5.713  
284.002, 17.111  
284.502, 34.859  
285.002, 35.444  
285.502, 6.682  
286.002, -50.146  
286.502, -12.610  
287.002, -31.123  
287.502, -50.134  
288.002, -33.467  
288.502, 67.211  
289.002, 68.955  
289.502, -32.724  
290.002, -5.101  
290.502, 1.495  
291.002, 7.288  
291.502, 17.043  
292.002, 9.779  
292.502, -19.671  
293.002, -10.229  
293.502, 11.447  
294.002, 17.029  
294.502, -5.078  
295.002, 15.116  
295.502, 10.295  
296.002, -17.264  
296.502, -12.932  
297.002, 12.659  
297.502, 10.526  
298.002, -23.108  
298.502, -29.600  
299.002, 8.614  
299.502, 35.176  
300.002, 24.949  
300.502, -35.732  
301.002, -48.317  
301.502, -40.935  
302.002, -40.804  
302.502, -25.112  
303.002, 437.901  
303.502, 498.283  
304.002, -267.399  
304.502, -555.991  
305.002, 37.934  
305.502, 878.590  
306.002, 879.806  
306.502, 772.513  
307.002, 282.671  
307.502, -856.668  
308.002, -808.072  
308.502, -138.608  
309.002, 1046.857  
309.502, 1269.472  
310.002, 981.606  
310.502, 763.273  
311.002, 388.798  
311.502, -522.981  
312.002, -834.171  
312.502, -661.510  
313.002, -237.111  
313.502, 405.155  
314.002, 661.322  
314.502, 601.958  
315.002, 508.181  
315.502, 296.941  
316.002, 92.651  
316.502, -162.560  
317.002, -388.240  
317.502, -457.333  
318.002, -425.327  
318.502, -322.519  
319.002, -178.031  
319.502, 53.587  
320.002, 461.237  
320.502, 566.975  
321.002, 430.492  
321.502, 239.335  
322.002, 26.143  
322.502, -195.592  
323.002, -363.298  
323.502, -515.833  
324.002, -371.605  
324.502, -99.592  
325.002, 75.238  
325.502, 133.255  
326.002, 179.834  
326.502, 273.483  
327.002, 348.954  
327.502, 206.005  
328.002, 25.307  
328.502, -154.684  
329.002, -351.455  
329.502, -369.068  
330.002, -201.748  
330.502, -138.226  
331.002, -42.335  
331.502, 107.707  
332.002, 217.697  
332.502, 316.080  
333.002, 257.558  
333.502, 150.405  
334.002, 49.136  
334.502, -117.587  
335.002, -246.541  
335.502, -353.320  
336.002, -321.066  
336.502, -180.533  
337.002, -37.798  
337.502, 83.740  
338.002, 160.857  
338.502, 241.772  
339.002, 182.214  
339.502, 117.536  
340.002, 30.021  
340.502, -75.023  
341.002, -182.398  
341.502, -170.450  
342.002, -120.775  
342.502, -112.212  
343.002, -117.023  
343.502, -14.568  
344.002, 43.453  
344.502, 87.137  
345.002, 106.579  
345.502, 18.182  
346.002, -6.274  
346.502, -19.530  
347.002, 1.468  
347.502, 69.341  
348.002, 38.456  
348.502, -68.566  
349.002, -148.100  
349.502, -118.654  
350.002, -67.271  
350.502, -78.555  
351.002, -87.070  
351.502, 32.585  
352.002, 117.153  
352.502, 120.460  
353.002, 96.706  
353.502, 64.547  
354.002, 24.230  
354.502, -17.249  
355.002, -88.231  
355.502, -150.764  
356.002, -108.172  
356.502, -40.674  
357.002, 18.641  
357.502, 50.204  
358.002, 61.698  
358.502, 63.317  
359.002, 63.637  
359.502, 33.587  
360.002, 141.316  
360.502, 146.252  
361.002, -45.460  
361.502, -132.098  
362.002, -180.616  
362.502, -195.124  
363.002, 44.428  
363.502, 152.958  
364.002, -120.253  
364.502, -234.121  
365.002, -121.545  
365.502, -16.009  
366.002, 9.626  
366.502, 43.733  
367.002, 128.732  
367.502, 196.032  
368.002, 129.185  
368.502, -2.013  
369.002, -139.939  
369.502, -238.012  
370.002, -146.347  
370.502, -64.799  
371.002, -3.069  
371.502, 30.260  
372.002, -8.115  
372.502, -7.800  
373.002, 78.701  
373.502, 97.569  
374.002, 29.613  
374.502, 15.590  
375.002, 35.680  
375.502, 24.475  
376.002, -19.212  
376.502, -72.690  
377.002, -96.338  
377.502, -120.850  
378.002, -124.977  
378.502, -27.918  
379.002, 48.152  
379.502, 71.910  
380.002, 68.467  
380.502, 61.808  
381.002, 44.778  
381.502, 18.626  
382.002, -4.135  
382.502, -7.278  
383.002, 21.093  
383.502, -45.681  
384.002, -90.445  
384.502, -86.559  
385.002, -58.829  
385.502, -27.198  
386.002, -0.859  
386.502, -4.150  
387.002, 0.282  
387.502, 35.733  
388.002, 75.570  
388.502, 65.122  
389.002, 45.604  
389.502, 48.275  
390.002, 37.786  
390.502, -37.848  
391.002, -83.080  
391.502, -118.737  
392.002, -132.751  
392.502, -74.608  
393.002, 3.838  
393.502, 45.632  
394.002, 70.104  
394.502, 46.469  
395.002, 13.240  
395.502, 34.765  
396.002, 48.497  
396.502, 59.414  
397.002, 62.644  
397.502, 12.120  
398.002, -69.219  
398.502, -144.536  
399.002, -176.871  
399.502, -137.413  
400.002, -37.485  
400.502, -8.368  
401.002, 25.520  
401.502, 55.473  
402.002, 56.912  
402.502, 27.059  
403.002, 31.420  
403.502, 2.403  
404.002, -2.376  
404.502, -9.016  
405.002, -42.482  
405.502, -90.463  
406.002, -88.463  
406.502, -60.132  
407.002, -73.950  
407.502, -89.807  
408.002, -61.877  
408.502, 65.287  
409.002, 62.625  
409.502, 59.069  
410.002, 57.357  
410.502, -5.198  
411.002, -49.784  
411.502, -45.015  
412.002, -38.517  
412.502, -48.872  
413.002, -128.705  
413.502, -132.913  
414.002, -48.115  
414.502, -7.589  
415.002, 12.639  
415.502, 33.122  
416.002, 51.062  
416.502, 26.627  
417.002, 17.319  
417.502, 11.364  
418.002, 8.261  
418.502, 9.332  
419.002, -3.238  
419.502, -40.580  
420.002, -81.761  
420.502, -107.101  
421.002, -86.190  
421.502, -33.126  
422.002, -1.365  
422.502, 14.482  
423.002, 35.823  
423.502, 146.355  
424.002, 115.741  
424.502, 30.008  
425.002, -40.739  
425.502, -47.574  
426.002, -44.548  
426.502, -45.771  
427.002, -48.909  
427.502, -54.320  
428.002, -68.954  
428.502, 7.798  
429.002, 18.332  
429.502, 2.096  
430.002, 7.432  
430.502, 69.611  
431.002, 112.353  
431.502, 56.982  
432.002, -0.030  
432.502, -21.611  
433.002, -12.158  
433.502, -53.092  
434.002, -65.550  
434.502, -46.056  
435.002, -46.257  
435.502, -13.531  
436.002, 11.561  
436.502, 21.199  
