1558, 48 
1508, 40 
1496, 48 
1505, 48 
1501, 48 
1503, 48 
1498, 42 
1504, 48 
1499, 49 
1500, 49 
1515, 48 
1518, 42 
1516, 40 
1506, 49 
1520, 44 
1519, 41 
1510, 48 
1513, 46 
1511, 38 
1509, 48 
1550, 37 
1562, 40 
1560, 46 
1557, 38 
1556, 43 
1563, 43 
1546, 49 
1567, 47 
1514, 47 
1551, 43 
1566, 44 
1570, 45 
1565, 45 
1553, 43 
1819, 26 
1547, 44 
1568, 43 
1815, 19 
1561, 35 
1555, 44 
1480, 47 
1552, 41 
1816, 26 
1810, 26 
1548, 42 
1804, 18 
1818, 27 
1805, 29 
1809, 37 
1823, 25 
1814, 18 
1825, 28 
1824, 27 
1813, 21 
1806, 29 
1826, 23 
1821, 21 
2082, 26 
1803, 30 
1811, 22 
2084, 32 
2075, 41 
1820, 21 
1808, 39 
2085, 43 
2079, 36 
2319, 6 
2077, 25 
2072, 25 
2096, 20 
2081, 31 
2092, 34 
2074, 35 
2087, 36 
2095, 19 
2094, 42 
2080, 46 
2086, 34 
2076, 37 
2091, 39 
1485, 48 
1491, 38 
1490, 43 
1484, 49 
1494, 43 
1489, 49 
1479, 45 
2089, 37 
1493, 43 
1476, 41 
2318, 17 
1478, 41 
1486, 49 
1483, 43 
2090, 39 
2029, 18 
2027, 18 
2030, 18 
1475, 42 
1495, 45 
1471, 48 
2025, 17 
2015, 18 
1473, 40 
2035, 23 
2023, 18 
2018, 17 
2019, 17 
1481, 39 
2427, 16 
2014, 18 
2020, 17 
1474, 46 
2017, 18 
2038, 37 
2032, 17 
2037, 35 
2024, 18 
2028, 16 
2346, 18 
2033, 45 
2022, 17 
2034, 20 
2052, 33 
2341, 20 
2045, 17 
2071, 22 
2069, 19 
2040, 19 
2058, 24 
2047, 17 
2053, 26 
2043, 17 
2068, 25 
2039, 27 
2042, 17 
2307, 21 
2057, 28 
2054, 27 
2048, 17 
2055, 18 
2044, 18 
2311, 24 
2308, 29 
2049, 18 
2317, 20 
2070, 20 
2313, 32 
2309, 36 
2312, 19 
2516, 17 
1543, 25 
2050, 19 
2323, 19 
2316, 23 
2541, 18 
2314, 26 
2216, 8 
2391, 16 
2384, 20 
2392, 16 
2387, 17 
2389, 16 
2381, 21 
2398, 17 
2326, 46 
2414, 17 
2412, 17 
2413, 18 
2327, 20 
2320, 25 
2417, 17 
2334, 18 
2411, 17 
2429, 16 
2409, 19 
2407, 18 
2324, 20 
2383, 23 
2419, 17 
2402, 18 
2421, 17 
2396, 19 
2423, 17 
2295, 18 
2322, 27 
2609, 16 
2399, 17 
2511, 22 
2329, 18 
2507, 19 
2397, 17 
2426, 18 
2394, 18 
2403, 18 
2424, 18 
2404, 17 
2408, 18 
1789, 41 
2328, 28 
2393, 18 
2543, 48 
2321, 33 
1592, 39 
2762, 17 
2401, 17 
2221, 16 
2531, 18 
2542, 21 
2382, 17 
2532, 17 
1785, 30 
1578, 49 
2524, 18 
2268, 23 
2534, 17 
2544, 30 
2265, 30 
2539, 17 
1571, 44 
2418, 17 
2575, 50 
2254, 18 
2538, 18 
1593, 42 
2522, 18 
2227, 9 
1595, 42 
2416, 18 
2536, 47 
2259, 29 
1577, 43 
1783, 21 
1588, 44 
2771, 19 
1798, 27 
2252, 18 
2614, 18 
2517, 18 
2267, 18 
2258, 22 
2257, 19 
2239, 20 
1587, 46 
2533, 19 
2262, 27 
2253, 18 
2264, 29 
2260, 27 
1575, 41 
2347, 20 
1591, 46 
2250, 20 
2352, 18 
2422, 18 
1581, 47 
2601, 18 
1793, 37 
2604, 17 
1786, 48 
2537, 18 
2274, 24 
2272, 35 
2338, 27 
2270, 26 
1784, 18 
1788, 36 
1585, 48 
1795, 37 
2269, 24 
2622, 19 
2606, 19 
1800, 18 
1780, 29 
2611, 19 
2255, 18 
2342, 21 
1779, 28 
1801, 25 
2226, 15 
2612, 18 
1778, 37 
1799, 18 
2273, 28 
2263, 30 
2602, 18 
1791, 37 
2603, 16 
2339, 21 
1794, 28 
1572, 37 
1781, 38 
1580, 45 
1582, 45 
2351, 20 
1790, 29 
2618, 19 
2621, 19 
2337, 29 
1590, 40 
1586, 44 
2624, 48 
2343, 33 
2619, 17 
2623, 20 
1796, 25 
2349, 18 
2344, 29 
1597, 46 
2354, 17 
2336, 28 
2348, 19 
1617, 41 
2608, 19 
2331, 49 
1618, 44 
1616, 45 
2613, 46 
2607, 17 
2617, 19 
1614, 47 
1605, 49 
2332, 19 
2616, 50 
2008, 20 
1576, 48 
2353, 19 
2333, 19 
2760, 16 
2275, 32 
2228, 16 
1601, 49 
1603, 46 
1607, 45 
2756, 17 
1611, 47 
2306, 21 
1606, 49 
1598, 49 
2751, 17 
2759, 47 
1612, 44 
2765, 19 
2303, 17 
1609, 37 
2755, 18 
2757, 19 
1600, 49 
2752, 18 
1602, 41 
2754, 18 
1608, 48 
2776, 41 
2763, 17 
1756, 20 
1613, 35 
1771, 14 
2775, 18 
1619, 39 
2770, 46 
1772, 17 
1757, 33 
2768, 18 
2283, 21 
2769, 18 
2764, 18 
2282, 22 
2277, 35 
2772, 19 
2279, 45 
2194, 19 
2189, 18 
2774, 19 
1989, 17 
2000, 18 
1999, 22 
1994, 19 
1993, 20 
1997, 25 
1995, 27 
1992, 19 
1998, 25 
1990, 18 
2287, 31 
1773, 19 
2278, 48 
2284, 27 
2202, 19 
2197, 17 
2292, 23 
2285, 25 
2289, 34 
2293, 31 
2280, 30 
2204, 17 
1755, 41 
2199, 18 
2209, 18 
2220, 18 
2190, 18 
2290, 45 
2205, 19 
2200, 17 
2288, 44 
2208, 19 
2294, 26 
1670, 43 
2010, 22 
1655, 43 
2005, 18 
2004, 26 
2002, 18 
2012, 19 
2009, 28 
2192, 17 
2193, 17 
2198, 18 
2013, 19 
1660, 47 
2003, 23 
1672, 34 
1528, 44 
1654, 39 
1531, 44 
2007, 28 
1665, 41 
2207, 16 
1673, 48 
2203, 18 
1674, 48 
1664, 48 
1652, 44 
2356, 19 
1662, 39 
1658, 38 
2374, 19 
2363, 17 
1539, 41 
1675, 50 
2366, 18 
2359, 17 
2364, 19 
1653, 38 
2231, 18 
1530, 39 
1544, 44 
1668, 44 
1669, 44 
2230, 18 
1538, 41 
1529, 43 
1659, 48 
1524, 41 
2679, 26 
2241, 20 
1545, 43 
2237, 18 
1525, 45 
1523, 43 
1663, 41 
2229, 18 
2248, 18 
2236, 18 
1541, 42 
1521, 41 
2376, 18 
2358, 18 
2372, 19 
2361, 17 
2379, 17 
2362, 19 
2367, 18 
2368, 20 
2357, 18 
2234, 17 
2691, 18 
2244, 18 
2232, 18 
2249, 19 
2371, 17 
2378, 25 
2245, 17 
1657, 39 
2242, 16 
2247, 18 
2686, 17 
2235, 23 
2243, 18 
2681, 17 
1526, 46 
2373, 18 
2694, 16 
2678, 32 
1534, 39 
1536, 39 
2696, 32 
2377, 18 
2369, 19 
1535, 45 
1540, 40 
2687, 19 
2698, 49 
2693, 18 
2688, 18 
2677, 17 
2683, 20 
2689, 18 
2699, 18 
2676, 17 
2692, 49 
1637, 46 
2684, 18 
1641, 43 
1640, 50 
1642, 34 
1639, 35 
1770, 18 
2697, 20 
2657, 16 
1765, 30 
1761, 22 
1767, 21 
1764, 29 
1760, 27 
1758, 35 
1759, 36 
2667, 48 
1776, 29 
1762, 30 
1769, 22 
1775, 22 
2674, 17 
1774, 29 
1766, 26 
2654, 17 
2651, 17 
2652, 49 
2658, 19 
2656, 17 
2653, 18 
2662, 19 
2672, 18 
2663, 19 
2666, 19 
2659, 17 
2668, 17 
2664, 20 
2661, 18 
2669, 18 
2671, 47 
2673, 18 
2449, 16 
2932, 21 
1464, 48 
2441, 18 
1647, 31 
1623, 44 
2439, 17 
2437, 19 
2451, 17 
1624, 46 
1631, 44 
1627, 45 
1646, 40 
2431, 17 
1621, 42 
2438, 18 
1632, 49 
2433, 18 
1629, 48 
2434, 18 
1634, 50 
2447, 18 
1628, 42 
1633, 44 
2454, 20 
2860, 20 
2436, 18 
1645, 47 
1622, 46 
1626, 48 
2446, 17 
2442, 17 
2432, 17 
2933, 18 
2869, 19 
2859, 19 
2452, 18 
2443, 48 
2881, 20 
1952, 17 
2811, 17 
2453, 18 
2448, 33 
2870, 49 
2863, 34 
2876, 21 
2873, 19 
2880, 21 
2868, 48 
2861, 18 
2871, 19 
2875, 19 
2865, 19 
2935, 19 
2864, 49 
2883, 46 
2934, 19 
1953, 18 
1962, 17 
1944, 18 
1876, 44 
1954, 16 
1457, 48 
1463, 51 
1450, 48 
1451, 48 
1453, 46 
1466, 48 
1459, 37 
1458, 49 
1449, 49 
1467, 48 
1456, 48 
1454, 44 
1455, 47 
1460, 45 
1465, 49 
1452, 49 
1468, 49 
1942, 16 
1957, 18 
1960, 18 
1948, 19 
1955, 17 
1886, 47 
1950, 18 
1945, 16 
1940, 17 
1947, 16 
1943, 17 
1939, 16 
1958, 16 
1949, 48 
1959, 20 
1913, 17 
1846, 43 
1903, 21 
1963, 19 
1977, 18 
1883, 32 
1879, 48 
1975, 17 
1965, 16 
1907, 32 
1964, 17 
1968, 17 
1985, 19 
1974, 18 
1884, 47 
1982, 17 
1880, 47 
1902, 19 
1910, 17 
1909, 17 
1908, 18 
1905, 23 
2785, 49 
1878, 33 
2787, 19 
1969, 18 
1904, 23 
1972, 20 
1984, 18 
1912, 17 
1970, 19 
1885, 47 
2782, 21 
1983, 16 
1967, 16 
2777, 18 
1987, 18 
2813, 19 
1980, 16 
2814, 50 
1973, 18 
1901, 17 
1881, 47 
2789, 18 
2820, 20 
1988, 18 
2779, 20 
2812, 19 
2786, 18 
2784, 33 
1978, 16 
2781, 19 
2819, 18 
2818, 18 
2815, 19 
1979, 16 
2824, 19 
2823, 20 
2780, 49 
2169, 17 
1849, 17 
1847, 17 
1470, 45 
1850, 20 
1848, 16 
1828, 21 
1834, 21 
1835, 31 
1830, 29 
1845, 25 
1831, 28 
1839, 30 
1829, 18 
1833, 33 
1469, 48 
1843, 27 
1836, 24 
2167, 27 
1840, 20 
2178, 18 
1841, 23 
1838, 44 
1688, 47 
2187, 18 
2182, 17 
2168, 17 
2185, 16 
2110, 35 
2175, 18 
2180, 17 
1685, 37 
1694, 41 
2183, 17 
2172, 18 
1844, 28 
2171, 17 
2179, 18 
2174, 17 
2102, 19 
2188, 17 
1918, 17 
2117, 18 
1699, 33 
1683, 48 
1687, 30 
1679, 43 
2129, 32 
1678, 45 
2124, 20 
1682, 41 
2177, 18 
1932, 17 
2164, 24 
2173, 17 
2119, 26 
1917, 18 
2104, 20 
2105, 18 
2099, 28 
2123, 28 
1692, 42 
1677, 47 
2101, 23 
2165, 21 
2128, 41 
2097, 28 
1680, 43 
1689, 48 
1925, 16 
2100, 19 
1698, 40 
2118, 19 
2127, 42 
1938, 16 
1697, 39 
1695, 41 
1927, 17 
1923, 17 
2125, 34 
1934, 16 
1693, 46 
2116, 23 
1684, 38 
1929, 16 
1919, 17 
1928, 18 
1690, 37 
2122, 31 
1914, 18 
1935, 16 
1700, 47 
2120, 36 
1937, 16 
1922, 17 
1933, 18 
1930, 17 
1915, 17 
1924, 16 
1920, 18 
2830, 20 
2829, 17 
2839, 19 
2836, 19 
2838, 20 
2858, 19 
2850, 20 
2853, 18 
2831, 19 
2825, 21 
2826, 19 
2840, 30 
2828, 19 
2843, 20 
2848, 23 
2844, 21 
2846, 20 
2851, 21 
2849, 30 
2845, 20 
1858, 22 
1855, 15 
1859, 26 
1856, 17 
1865, 30 
1870, 26 
1851, 18 
1874, 22 
1871, 28 
1875, 40 
1854, 17 
1864, 47 
1866, 20 
1860, 30 
1863, 25 
1869, 22 
1861, 46 
1873, 36 
1868, 30 
1853, 17 
2135, 17 
2143, 31 
2729, 49 
2726, 19 
2739, 39 
2730, 19 
2749, 29 
2737, 18 
2747, 21 
2735, 19 
2742, 19 
2731, 18 
2745, 20 
2750, 18 
2727, 19 
2744, 47 
2746, 21 
2732, 19 
2736, 17 
2741, 18 
2159, 27 
2734, 18 
2740, 47 
2130, 36 
2147, 31 
2133, 22 
2150, 34 
2132, 28 
2154, 40 
2153, 20 
2148, 36 
2161, 29 
2156, 37 
2149, 20 
2163, 42 
2155, 43 
2162, 32 
2151, 20 
2158, 26 
2461, 17 
2596, 19 
2581, 19 
2464, 17 
2467, 18 
2459, 49 
2472, 20 
2456, 17 
2462, 19 
2457, 17 
2492, 17 
2466, 17 
2468, 17 
2471, 18 
2463, 17 
2502, 18 
2506, 18 
2469, 16 
2488, 19 
2458, 18 
2487, 17 
2491, 18 
2637, 17 
2629, 25 
2627, 34 
2583, 16 
2582, 18 
2643, 20 
2636, 18 
2626, 27 
2576, 18 
2632, 21 
2633, 20 
2641, 36 
2647, 18 
2578, 18 
2591, 18 
2594, 17 
2642, 48 
2649, 18 
2646, 17 
2577, 17 
2639, 48 
2584, 17 
2648, 17 
2631, 49 
2634, 20 
2628, 24 
2592, 16 
2589, 49 
2587, 18 
2638, 19 
2644, 17 
2593, 19 
2586, 32 
2597, 20 
2588, 18 
2598, 17 
2599, 18 
2721, 16 
2709, 18 
2723, 18 
2712, 20 
2706, 18 
2708, 19 
2701, 18 
2724, 19 
2704, 19 
2718, 18 
2713, 18 
2725, 17 
2711, 17 
2716, 18 
2714, 38 
2719, 18 
2717, 19 
2702, 20 
2703, 19 
2707, 18 
3780, 16 
3695, 47 
3130, 16 
3227, 16 
3702, 10 
3700, 17 
3703, 19 
3704, 45 
3701, 16 
3128, 18 
3705, 39 
3706, 46 
3514, 33 
4022, 8 
4019, 14 
4068, 9 
3163, 23 
3138, 19 
3563, 23 
4033, 10 
3648, 48 
3993, 11 
3990, 14 
3774, 16 
4062, 10 
3217, 17 
3773, 16 
3222, 18 
4056, 11 
4057, 11 
3778, 16 
3095, 21 
4042, 11 
2977, 17 
3226, 19 
3224, 18 
3219, 17 
3809, 20 
3223, 19 
3228, 18 
4061, 11 
4058, 12 
3694, 28 
3805, 15 
3814, 17 
4065, 11 
3783, 17 
3781, 16 
3800, 15 
4053, 11 
2987, 19 
4046, 11 
3061, 19 
3798, 16 
2979, 17 
2983, 19 
4055, 11 
3218, 18 
4066, 11 
4035, 10 
3233, 16 
3699, 26 
3068, 20 
3811, 16 
4047, 10 
4041, 10 
3331, 19 
4036, 11 
3025, 19 
3060, 18 
4031, 38 
3810, 16 
3821, 15 
2980, 17 
3806, 16 
4052, 10 
4063, 10 
4060, 11 
3244, 17 
3249, 19 
4043, 10 
3727, 25 
3237, 20 
3788, 15 
3013, 19 
3808, 16 
3012, 17 
3730, 31 
3382, 18 
3931, 15 
3325, 20 
3020, 17 
3024, 24 
3803, 15 
3571, 48 
4040, 10 
3776, 16 
3246, 19 
3767, 24 
3373, 18 
4027, 15 
3733, 31 
3622, 18 
4029, 11 
3804, 16 
3239, 18 
2975, 18 
3065, 21 
3816, 15 
3751, 20 
3728, 38 
3357, 21 
4051, 11 
3692, 23 
3820, 17 
3815, 18 
3288, 21 
3221, 21 
4038, 10 
4032, 10 
3731, 36 
4050, 11 
3779, 14 
3795, 15 
3236, 17 
3247, 17 
3689, 22 
3813, 16 
3059, 18 
3775, 17 
3380, 19 
4030, 26 
3819, 17 
3929, 16 
3801, 15 
3070, 19 
3748, 31 
3630, 30 
3071, 19 
3688, 38 
3643, 25 
3091, 19 
3726, 22 
3051, 20 
3378, 19 
3343, 20 
3248, 17 
3613, 20 
3747, 42 
3899, 16 
3722, 34 
3755, 25 
3793, 15 
4069, 16 
3015, 22 
3786, 14 
3789, 16 
3379, 19 
3374, 18 
3234, 17 
3266, 17 
2978, 20 
3097, 21 
4037, 10 
3796, 16 
3326, 18 
3323, 19 
3069, 20 
2988, 36 
3922, 14 
3345, 21 
3725, 34 
3019, 19 
4048, 11 
3742, 25 
3027, 18 
4009, 15 
3638, 48 
3934, 16 
3925, 16 
3924, 17 
3264, 23 
3693, 45 
3911, 15 
3094, 20 
3723, 24 
3794, 16 
3577, 28 
2984, 19 
3084, 21 
3318, 21 
3543, 38 
3342, 18 
4073, 16 
3902, 15 
3790, 17 
2982, 19 
3254, 19 
3251, 18 
3252, 19 
3735, 22 
3243, 19 
3697, 27 
3017, 20 
3617, 30 
3372, 19 
3263, 17 
3799, 17 
3090, 20 
3758, 34 
3232, 20 
4011, 16 
3267, 17 
4076, 17 
3241, 18 
3238, 17 
3231, 19 
3370, 19 
3687, 30 
3632, 24 
3745, 21 
3023, 24 
3784, 16 
4289, 16 
3330, 18 
3033, 19 
4013, 15 
3375, 17 
3258, 17 
3089, 21 
3322, 22 
3080, 19 
3547, 30 
4071, 15 
3327, 18 
3344, 19 
3645, 22 
3926, 17 
3121, 18 
4006, 16 
3696, 24 
4045, 10 
3906, 19 
3125, 19 
3690, 26 
3088, 18 
3073, 24 
3634, 39 
2990, 20 
3904, 16 
4018, 16 
3901, 15 
3341, 18 
3328, 19 
3897, 16 
2993, 19 
3336, 19 
3540, 45 
3732, 25 
3321, 21 
3253, 19 
3099, 49 
3927, 16 
3261, 18 
3262, 19 
4026, 17 
3354, 20 
4286, 15 
3818, 18 
3791, 14 
4282, 17 
3384, 20 
3118, 19 
3542, 23 
3737, 30 
3257, 21 
3347, 20 
3004, 19 
3229, 18 
3750, 27 
3637, 45 
3377, 19 
3085, 18 
3276, 45 
4003, 15 
3759, 45 
3619, 24 
3003, 17 
3627, 23 
3942, 16 
3269, 18 
3752, 33 
3320, 20 
3274, 16 
3093, 20 
3256, 18 
3355, 20 
3620, 20 
3915, 15 
3136, 21 
4288, 17 
3534, 40 
3537, 22 
3625, 19 
3389, 19 
3010, 19 
3650, 38 
3035, 32 
3644, 36 
3930, 16 
3273, 18 
3385, 19 
3647, 41 
4072, 18 
3041, 21 
3738, 26 
3756, 49 
3614, 22 
3348, 20 
4016, 17 
3649, 50 
3086, 19 
3116, 24 
3450, 22 
3350, 21 
3937, 15 
3607, 20 
3279, 18 
3119, 21 
3123, 18 
3523, 36 
1714, 40 
3449, 23 
3098, 20 
3916, 15 
3083, 35 
3259, 19 
3548, 41 
3383, 20 
3272, 18 
4024, 15 
3654, 22 
3317, 21 
4292, 16 
3740, 21 
3768, 16 
3349, 22 
3199, 19 
3445, 41 
3009, 20 
3101, 22 
3653, 31 
3900, 16 
3640, 40 
3002, 17 
3769, 16 
3277, 18 
3746, 32 
3393, 21 
3736, 26 
3907, 16 
3388, 19 
3126, 18 
3390, 19 
3639, 35 
3941, 18 
3368, 22 
3392, 20 
4001, 15 
3956, 16 
3707, 44 
3387, 20 
3954, 17 
4299, 15 
3642, 36 
3114, 17 
3049, 23 
4017, 16 
4301, 39 
3826, 16 
3271, 18 
3921, 15 
3785, 16 
3945, 15 
3919, 17 
3335, 20 
3100, 19 
3920, 15 
3602, 28 
3615, 23 
4007, 16 
3133, 30 
3135, 19 
4012, 15 
3575, 18 
3363, 19 
3538, 39 
3743, 24 
3038, 28 
3044, 48 
3037, 21 
3623, 20 
4454, 15 
3560, 19 
4302, 16 
3612, 23 
3418, 21 
3124, 19 
3113, 18 
4291, 18 
3522, 20 
4077, 17 
3209, 18 
3909, 15 
3944, 16 
3268, 19 
3191, 18 
3448, 32 
3940, 15 
3823, 15 
3652, 40 
3544, 43 
3629, 48 
3936, 15 
3757, 20 
3455, 33 
3618, 22 
4188, 16 
3197, 18 
3910, 16 
3935, 16 
3946, 48 
3104, 19 
3535, 24 
3829, 15 
4167, 17 
3131, 19 
3603, 32 
3530, 29 
4211, 16 
3447, 21 
3555, 26 
3635, 37 
3198, 17 
3527, 30 
3108, 19 
3532, 30 
3213, 18 
3552, 23 
3824, 21 
3600, 28 
3633, 31 
3608, 20 
4294, 16 
3558, 22 
4304, 15 
3196, 19 
3507, 22 
3201, 19 
4181, 15 
3708, 34 
3463, 20 
4281, 17 
3043, 18 
3914, 20 
4079, 15 
3528, 27 
3604, 29 
4283, 19 
4078, 15 
3103, 18 
4002, 15 
3106, 18 
3939, 15 
3879, 15 
3981, 15 
3395, 20 
3658, 47 
3572, 33 
4298, 21 
3129, 19 
3032, 19 
3398, 20 
4173, 17 
3655, 45 
2995, 49 
4287, 28 
3365, 19 
3050, 19 
3519, 24 
3895, 17 
3905, 16 
3216, 19 
4025, 26 
3977, 17 
3834, 17 
4166, 16 
4347, 17 
3358, 20 
3462, 22 
4187, 22 
3831, 16 
4296, 16 
3550, 45 
4209, 16 
3399, 21 
3360, 22 
3405, 22 
4444, 16 
4097, 15 
4014, 16 
4414, 15 
3974, 15 
3996, 18 
4179, 16 
4423, 15 
3845, 17 
3517, 29 
3367, 18 
4008, 16 
4085, 15 
3282, 19 
4382, 38 
2989, 30 
3609, 21 
3110, 21 
3518, 25 
3967, 15 
3554, 26 
3510, 26 
3214, 17 
4452, 39 
3553, 48 
3352, 40 
4384, 30 
3880, 16 
4464, 21 
4192, 16 
4191, 15 
3332, 21 
4369, 15 
3959, 17 
3359, 20 
4342, 16 
3987, 16 
4081, 16 
3562, 21 
4278, 16 
3975, 15 
3315, 20 
4422, 28 
3457, 49 
3287, 18 
4201, 18 
3763, 45 
4413, 15 
4408, 38 
4447, 17 
3353, 20 
3404, 21 
3559, 21 
4357, 18 
4411, 16 
3394, 22 
3454, 27 
3874, 16 
4406, 16 
3955, 16 
4172, 23 
4381, 15 
3508, 28 
3193, 19 
3460, 45 
3207, 17 
3657, 35 
3408, 22 
3766, 37 
4198, 23 
4451, 16 
3202, 21 
3557, 25 
4204, 24 
3828, 17 
4353, 16 
4100, 17 
4366, 17 
3570, 21 
3203, 19 
4386, 16 
4463, 15 
3951, 17 
4074, 15 
4416, 16 
3208, 29 
4202, 23 
3453, 23 
4207, 15 
3995, 15 
4213, 15 
3839, 15 
4189, 17 
3610, 22 
4348, 29 
4095, 15 
3281, 19 
3964, 16 
3520, 19 
4461, 16 
4379, 15 
3844, 15 
4371, 15 
3286, 21 
3838, 16 
4101, 17 
3830, 17 
3212, 18 
4338, 17 
4332, 16 
3115, 18 
3825, 15 
4203, 27 
3999, 16 
3957, 16 
4352, 17 
4391, 38 
3278, 20 
3415, 23 
4398, 17 
4446, 17 
4373, 17 
4331, 40 
3890, 16 
3984, 16 
4389, 17 
3894, 15 
4467, 16 
2992, 19 
4401, 18 
4089, 16 
4429, 15 
3189, 17 
4083, 14 
4217, 16 
3545, 42 
4284, 17 
3206, 18 
4358, 16 
4388, 15 
3111, 18 
4354, 15 
4334, 16 
4378, 16 
4274, 14 
4091, 27 
4361, 15 
4336, 18 
4333, 16 
4337, 17 
3524, 42 
4399, 19 
3876, 15 
3407, 22 
3966, 25 
4256, 16 
3872, 16 
3364, 17 
3452, 20 
4359, 14 
3204, 18 
4349, 15 
3881, 16 
4407, 21 
4448, 15 
3188, 32 
3836, 18 
3194, 18 
4462, 15 
4459, 21 
4362, 14 
3413, 22 
3980, 17 
3458, 27 
3525, 39 
3515, 42 
4221, 15 
4466, 16 
3960, 15 
4199, 28 
3882, 16 
3569, 34 
3965, 16 
4344, 14 
3875, 15 
4293, 15 
3397, 20 
4456, 17 
3211, 18 
4426, 17 
4341, 16 
4339, 15 
3952, 15 
3971, 15 
3313, 33 
4457, 18 
4218, 19 
3979, 17 
3969, 15 
3419, 21 
4428, 16 
3505, 24 
4409, 38 
3962, 15 
3972, 16 
4216, 15 
3891, 15 
4419, 18 
3985, 16 
3660, 39 
4363, 16 
4392, 15 
3997, 16 
4092, 17 
3885, 16 
4084, 15 
4196, 16 
3950, 15 
4176, 15 
4351, 20 
4421, 16 
3513, 21 
4222, 19 
4364, 15 
4184, 37 
3417, 22 
4442, 17 
4424, 17 
3982, 16 
4393, 16 
3718, 21 
4090, 22 
3884, 15 
4356, 16 
3886, 18 
4458, 16 
3889, 16 
4214, 15 
3970, 15 
4376, 16 
4383, 16 
4099, 16 
4231, 16 
4394, 15 
4096, 16 
3283, 19 
3877, 17 
3403, 23 
3840, 16 
3412, 23 
4377, 16 
4346, 40 
4402, 15 
3402, 22 
3717, 27 
3721, 39 
4432, 15 
4434, 39 
3833, 16 
3892, 15 
4219, 16 
3846, 16 
4439, 16 
3316, 20 
4244, 16 
3949, 15 
4279, 17 
4418, 39 
3998, 15 
4438, 15 
3549, 36 
3761, 39 
3442, 50 
3835, 16 
4374, 16 
3947, 16 
3887, 16 
3764, 42 
3961, 16 
4396, 17 
4343, 36 
4404, 20 
3976, 15 
4436, 16 
4433, 15 
3716, 26 
4086, 16 
3762, 34 
4367, 14 
3711, 27 
3720, 22 
3409, 20 
3842, 15 
4437, 18 
3444, 38 
3712, 20 
3432, 19 
3429, 26 
3434, 33 
3680, 48 
3435, 39 
3896, 15 
3682, 20 
4372, 16 
3430, 28 
3710, 28 
3713, 28 
3410, 20 
3673, 49 
3684, 41 
4431, 15 
4441, 17 
3675, 49 
3433, 26 
3715, 24 
3440, 19 
3438, 30 
1724, 48 
3437, 21 
3428, 24 
3672, 41 
3669, 48 
3683, 20 
1708, 49 
3424, 20 
3420, 20 
3685, 23 
3670, 40 
3679, 48 
3425, 20 
3427, 20 
3678, 47 
3443, 23 
3667, 39 
3439, 21 
3663, 38 
3423, 21 
3677, 48 
1716, 43 
3674, 43 
1710, 49 
1718, 48 
3422, 23 
1728, 49 
1727, 40 
3664, 48 
1723, 50 
1711, 49 
1722, 48 
3668, 30 
1715, 48 
3665, 26 
1729, 49 
1721, 49 
1719, 48 
1717, 42 
1709, 46 
3662, 25 
1712, 43 
2955, 17 
2952, 18 
2944, 18 
1726, 49 
2954, 19 
2943, 48 
2948, 19 
2950, 23 
2945, 18 
2937, 18 
2949, 19 
2968, 20 
2957, 17 
2960, 49 
2974, 18 
2969, 17 
2967, 18 
2970, 19 
2973, 18 
2972, 19 
2963, 19 
3865, 18 
3862, 15 
3857, 17 
3852, 15 
3859, 15 
3851, 20 
3847, 15 
3867, 16 
3856, 15 
3864, 16 
3870, 15 
3855, 18 
3850, 17 
3871, 15 
3849, 14 
3861, 15 
3854, 15 
3866, 16 
3869, 17 
3860, 14 
4323, 15 
4322, 15 
4311, 16 
4329, 14 
4321, 16 
4324, 16 
4313, 20 
4308, 16 
4327, 15 
4314, 15 
4328, 18 
4316, 40 
4306, 17 
4317, 20 
4309, 18 
4326, 18 
4312, 16 
4307, 16 
4318, 16 
4319, 15 
4121, 37 
4112, 15 
4115, 15 
4119, 16 
4120, 33 
4116, 17 
4126, 29 
4110, 17 
4107, 20 
4106, 16 
4111, 16 
4114, 15 
4124, 14 
4104, 17 
4122, 38 
4117, 15 
4127, 21 
4109, 17 
4105, 15 
4125, 30 
4131, 32 
4157, 22 
4135, 25 
4151, 16 
4130, 19 
4142, 31 
4134, 20 
4139, 17 
4140, 26 
4129, 17 
4136, 30 
4163, 17 
4158, 25 
4152, 16 
4164, 18 
4137, 38 
4132, 37 
4141, 33 
4159, 26 
4150, 28 
4613, 15 
4827, 38 
4765, 7 
11, 41 
4819, 27 
5559, 15 
5209, 16 
4537, 17 
4830, 39 
4829, 38 
5362, 14 
4575, 17 
5560, 14 
3, 33 
5396, 17 
5734, 14 
5074, 20 
5179, 18 
4518, 16 
4570, 15 
4569, 15 
4578, 16 
4803, 15 
5537, 15 
4580, 24 
4615, 16 
4521, 14 
4573, 17 
4574, 17 
4532, 16 
4789, 16 
4529, 17 
4972, 22 
4524, 16 
4805, 16 
4522, 16 
4577, 17 
4523, 15 
4619, 18 
4793, 16 
5068, 16 
4526, 16 
4534, 18 
4528, 16 
4579, 39 
4802, 15 
4519, 18 
4539, 17 
5073, 15 
4527, 16 
4967, 17 
4617, 16 
5078, 18 
4817, 39 
4804, 15 
5003, 29 
4589, 16 
4572, 15 
5023, 21 
4536, 16 
4977, 17 
5067, 15 
5017, 16 
4969, 16 
4645, 34 
5309, 17 
4808, 39 
4595, 15 
4541, 18 
4582, 38 
4790, 16 
4616, 16 
4807, 16 
5124, 15 
5083, 15 
4533, 26 
4792, 18 
4999, 38 
5310, 15 
4620, 36 
4631, 15 
5022, 16 
4594, 16 
5330, 15 
4597, 19 
5090, 18 
4968, 20 
4583, 35 
5088, 16 
4636, 17 
4626, 15 
4849, 20 
5024, 16 
5127, 15 
5075, 23 
5512, 18 
5084, 18 
4975, 25 
5289, 17 
5018, 23 
5292, 17 
4997, 18 
5020, 17 
4641, 15 
5087, 16 
4974, 38 
4538, 16 
4995, 20 
5019, 17 
5194, 19 
4625, 17 
5319, 16 
5200, 15 
4587, 21 
4982, 17 
4531, 28 
5000, 28 
4794, 15 
5082, 17 
4542, 16 
4639, 16 
5336, 16 
4630, 16 
5290, 17 
5025, 21 
4474, 16 
5819, 15 
4629, 16 
5077, 16 
5027, 30 
4479, 16 
5198, 16 
4497, 37 
4810, 16 
5034, 15 
4593, 17 
5282, 17 
4994, 38 
4627, 16 
5149, 19 
4978, 25 
5294, 17 
5286, 16 
5173, 16 
4990, 17 
5195, 15 
4621, 41 
4993, 24 
4998, 37 
5002, 20 
4815, 17 
4614, 17 
5144, 17 
4769, 16 
4650, 16 
5080, 24 
5327, 15 
4469, 17 
4588, 15 
4590, 16 
5284, 16 
5072, 16 
4640, 16 
4983, 16 
5202, 16 
5165, 22 
4762, 17 
5324, 18 
4634, 18 
5039, 35 
4508, 17 
5331, 17 
4592, 16 
5125, 19 
4622, 19 
4814, 39 
5314, 17 
5085, 16 
4772, 16 
5167, 16 
4507, 16 
4992, 24 
5281, 16 
4476, 17 
5320, 15 
5028, 17 
5119, 16 
5285, 17 
4987, 18 
5070, 19 
4637, 16 
5334, 15 
5295, 16 
5005, 17 
4493, 39 
5190, 17 
4857, 38 
5325, 16 
4950, 15 
4788, 16 
5175, 15 
4952, 15 
4970, 17 
4973, 29 
5199, 18 
59, 10 
5193, 16 
4635, 15 
5342, 17 
5069, 17 
5561, 15 
5557, 15 
4512, 16 
4782, 16 
4779, 15 
4777, 16 
5416, 16 
4812, 39 
5759, 14 
5296, 16 
4649, 16 
4642, 15 
5315, 15 
5145, 18 
5521, 17 
5154, 16 
4984, 17 
5321, 15 
5140, 17 
5013, 16 
5322, 16 
5326, 15 
5147, 14 
5169, 17 
4874, 22 
5120, 16 
4980, 17 
5174, 17 
5117, 15 
5143, 17 
4783, 16 
5360, 16 
4496, 16 
5316, 16 
5329, 15 
4471, 33 
5172, 16 
4989, 26 
5412, 15 
4511, 17 
4509, 16 
5092, 17 
5079, 15 
5564, 16 
5094, 17 
4770, 16 
4861, 15 
5306, 16 
4947, 34 
5033, 20 
5040, 28 
4953, 38 
4942, 15 
5032, 37 
5192, 17 
5570, 16 
5115, 17 
5197, 16 
5569, 16 
5341, 15 
5949, 15 
5582, 17 
5089, 20 
5291, 16 
4773, 15 
5035, 17 
4862, 39 
5312, 15 
5301, 16 
4468, 19 
5030, 17 
4517, 17 
4498, 16 
5093, 20 
5159, 18 
5332, 16 
5122, 16 
4949, 18 
4945, 17 
4494, 15 
5280, 20 
5038, 30 
4506, 16 
50, 62 
 
4766, 24 
5123, 17 
4478, 16 
5148, 16 
5567, 17 
4979, 19 
4656, 15 
5299, 16 
4767, 16 
5565, 16 
5152, 17 
5307, 15 
4867, 38 
5118, 15 
5375, 15 
5162, 16 
4651, 16 
5302, 16 
5137, 16 
4514, 15 
5157, 16 
4472, 17 
5317, 17 
5304, 17 
5815, 16 
5562, 15 
5337, 15 
5160, 17 
5132, 17 
5814, 18 
5177, 16 
5589, 17 
4774, 38 
5605, 16 
5207, 17 
5911, 16 
5740, 19 
4944, 17 
4948, 18 
4780, 15 
5339, 15 
4499, 15 
5372, 18 
5352, 17 
4504, 28 
4809, 17 
5097, 15 
4477, 18 
4502, 36 
4652, 17 
4985, 15 
4544, 18 
4775, 36 
5010, 16 
5344, 19 
5153, 17 
5300, 17 
5494, 16 
5098, 16 
5279, 16 
5037, 19 
5029, 17 
5128, 17 
5431, 16 
5816, 18 
5405, 17 
4624, 16 
5139, 16 
5566, 14 
5492, 16 
4503, 31 
5506, 16 
5012, 16 
5385, 16 
5100, 18 
5129, 16 
5415, 16 
4784, 15 
5482, 15 
5164, 16 
5502, 16 
5639, 15 
5572, 16 
5640, 17 
4863, 32 
5163, 20 
5374, 17 
4547, 16 
5354, 15 
5812, 17 
5158, 17 
5826, 16 
5150, 16 
4864, 18 
5305, 16 
5155, 15 
5716, 17 
4832, 19 
5370, 16 
5135, 16 
4655, 16 
5379, 15 
5592, 17 
5350, 16 
5183, 19 
5690, 15 
5932, 17 
5346, 15 
4660, 15 
5930, 16 
5425, 14 
4878, 31 
5391, 15 
5384, 15 
5910, 38 
5009, 18 
5389, 39 
5762, 16 
5424, 15 
5182, 18 
5133, 18 
4835, 18 
5427, 16 
5522, 14 
5817, 15 
5208, 15 
5134, 19 
5004, 24 
5382, 18 
5595, 16 
5394, 17 
5371, 16 
5170, 24 
5376, 15 
5410, 15 
5180, 16 
4943, 38 
4988, 15 
5594, 15 
5392, 17 
4768, 16 
5604, 16 
4868, 25 
4866, 15 
5511, 16 
5909, 19 
5430, 16 
4657, 15 
5205, 16 
4859, 15 
5407, 16 
5491, 16 
5500, 15 
5095, 18 
5606, 15 
5053, 27 
5487, 16 
5130, 17 
5917, 17 
5785, 15 
5187, 21 
5517, 15 
5390, 16 
5927, 17 
5766, 27 
5099, 25 
5649, 16 
5907, 15 
5919, 16 
5586, 15 
5114, 16 
5015, 17 
5777, 16 
5710, 15 
5204, 16 
5351, 16 
4551, 16 
5610, 17 
4486, 16 
5527, 15 
5961, 16 
5800, 16 
4763, 15 
5737, 17 
5519, 15 
5656, 16 
5369, 16 
5822, 16 
5744, 18 
4487, 16 
5576, 16 
4831, 20 
5925, 16 
5756, 15 
5636, 15 
5596, 16 
5104, 26 
5142, 16 
6481, 13 
5409, 15 
5417, 15 
5571, 15 
5107, 32 
5364, 15 
5007, 16 
5442, 17 
4553, 36 
5726, 15 
5980, 15 
5765, 16 
5426, 17 
4839, 38 
5914, 34 
5496, 16 
5782, 15 
5830, 15 
5751, 16 
4658, 17 
5810, 17 
5014, 19 
5747, 17 
5754, 15 
4488, 17 
5515, 15 
5386, 15 
5915, 39 
5635, 17 
5507, 16 
5495, 16 
5113, 21 
5110, 16 
5601, 19 
5787, 17 
5574, 17 
5642, 16 
4548, 24 
5807, 16 
5964, 15 
5749, 17 
5957, 15 
5732, 16 
5721, 18 
5965, 17 
5509, 17 
5637, 16 
5617, 16 
5611, 15 
5489, 24 
4962, 38 
5484, 18 
5361, 16 
5105, 16 
5821, 27 
5602, 16 
5940, 16 
5709, 16 
4483, 16 
5514, 15 
5767, 16 
5641, 14 
5614, 18 
5435, 16 
5951, 16 
5619, 15 
5189, 17 
5577, 16 
5579, 18 
5929, 15 
5804, 16 
5188, 18 
5760, 15 
5380, 15 
5516, 17 
5112, 15 
5755, 17 
5108, 17 
5689, 16 
5419, 15 
5654, 14 
5632, 15 
4963, 39 
5615, 16 
5406, 15 
4954, 21 
4959, 15 
5802, 15 
5735, 18 
5720, 16 
5752, 16 
5008, 15 
4559, 15 
4481, 16 
5790, 16 
4543, 16 
5931, 16 
5792, 15 
5805, 16 
5952, 15 
5960, 17 
5789, 17 
5922, 16 
5920, 15 
5044, 19 
5707, 19 
5365, 15 
5824, 15 
4848, 15 
4833, 17 
5955, 16 
5811, 17 
5631, 15 
4855, 38 
5184, 16 
5780, 15 
5647, 17 
5801, 34 
5520, 15 
5936, 15 
5600, 16 
4555, 16 
5584, 16 
5401, 17 
5739, 17 
5757, 17 
5646, 18 
4554, 16 
5770, 16 
5525, 16 
5769, 14 
5486, 16 
5616, 17 
5944, 17 
5178, 18 
5432, 17 
5441, 17 
5532, 17 
5421, 15 
5926, 16 
4957, 16 
5045, 26 
5612, 16 
5404, 17 
5711, 17 
5857, 16 
5355, 17 
5399, 15 
5797, 16 
5387, 16 
5954, 16 
4837, 39 
5746, 15 
5479, 17 
4844, 17 
5771, 15 
5138, 15 
5722, 15 
4869, 30 
5687, 15 
5969, 17 
5705, 19 
5357, 17 
5794, 15 
5820, 15 
5451, 15 
4489, 16 
4964, 21 
4491, 15 
5439, 17 
5684, 16 
5655, 16 
4875, 35 
5704, 16 
5921, 15 
5795, 17 
5366, 16 
5717, 17 
5047, 17 
5966, 16 
4843, 17 
5791, 15 
5779, 18 
5784, 15 
4845, 18 
5050, 18 
5485, 15 
5652, 15 
5979, 15 
5775, 15 
5620, 16 
5916, 17 
5043, 24 
5529, 16 
5683, 15 
5806, 22 
5799, 15 
5867, 16 
5450, 15 
5971, 16 
5530, 25 
5627, 16 
5866, 16 
5585, 16 
5455, 15 
5657, 16 
5745, 16 
5742, 15 
5786, 18 
4847, 38 
4842, 40 
5575, 18 
5924, 15 
5934, 16 
5624, 15 
5831, 29 
5356, 17 
5349, 15 
5854, 17 
5400, 17 
5645, 16 
5547, 17 
5531, 16 
5597, 16 
5686, 15 
5796, 15 
6336, 14 
5042, 17 
5422, 16 
5736, 17 
5879, 16 
5976, 15 
5942, 15 
5397, 18 
5959, 17 
5977, 16 
5587, 17 
5764, 16 
5761, 14 
5699, 15 
5626, 16 
5862, 17 
5534, 16 
4877, 30 
5935, 16 
5865, 16 
4482, 24 
5809, 36 
5551, 16 
5727, 18 
5659, 17 
5059, 28 
5894, 20 
5445, 16 
5052, 17 
5449, 15 
5540, 17 
5556, 15 
5691, 16 
4564, 18 
5841, 37 
5724, 15 
5741, 17 
5475, 18 
5714, 16 
5885, 16 
5887, 23 
5377, 15 
5650, 15 
5870, 16 
4856, 16 
5539, 16 
5950, 17 
5750, 16 
4558, 17 
5621, 17 
5695, 16 
5437, 17 
4838, 17 
5884, 17 
5454, 17 
5835, 16 
4937, 20 
5772, 15 
5864, 15 
5457, 18 
5981, 16 
5839, 15 
5476, 14 
5625, 18 
5395, 17 
5481, 15 
4567, 16 
4965, 18 
5825, 15 
5706, 16 
5974, 15 
5875, 14 
5685, 15 
5702, 15 
4958, 17 
5651, 16 
4568, 17 
5945, 16 
5446, 17 
5939, 16 
5526, 18 
5545, 16 
4560, 16 
5837, 38 
5456, 19 
6470, 8 

5555, 15 
5552, 15 
5550, 16 
5876, 16 
6480, 6 
5967, 16 
6473, 13 
5444, 15 
5062, 16 
5700, 15 
5536, 16 
5904, 14 
4955, 26 
5947, 17 
5664, 32 
5725, 19 
5861, 17 
5554, 15 
5622, 15 
4938, 26 
5469, 16 
5889, 15 
5871, 15 
5842, 37 
5459, 17 
5946, 34 
5480, 15 
6466, 14 
5472, 17 
5962, 17 
5880, 16 
6472, 14 
4563, 17 
5048, 19 
5542, 16 
5544, 17 
5054, 30 
5464, 18 
5474, 15 
5860, 17 
5367, 16 
5461, 16 
4939, 24 
5467, 19 
5846, 28 
5849, 16 
5845, 38 
6435, 16 
5859, 16 
5891, 16 
4557, 16 
6471, 13 
5834, 15 
5535, 19 
5630, 15 
6468, 15 
5851, 15 
5402, 15 
5844, 17 
5872, 17 
6519, 15 
5063, 14 
5840, 38 
5897, 16 
5856, 16 
5906, 16 
5465, 20 
5447, 15 
5874, 15 
5970, 17 
5660, 15 
4840, 17 
5669, 16 
5546, 17 
5665, 16 
5060, 25 
5901, 16 
5477, 16 
5890, 18 
5661, 17 
5541, 17 
5470, 17 
5832, 15 
5892, 17 
5549, 16 
5058, 25 
6908, 15 
5671, 16 
5881, 15 
5847, 15 
5462, 16 
5972, 16 
5899, 20 
7006, 25 
5905, 15 
5672, 16 
5900, 17 
5697, 18 
5696, 16 
5666, 16 
5850, 17 
5679, 16 
5902, 16 
5855, 16 
5895, 15 
5460, 16 
5607, 17 
6460, 14 
6465, 15 
6467, 15 
5896, 15 
5852, 16 
5670, 15 
6537, 16 
5677, 15 
5674, 17 
5886, 16 
5675, 16 
5989, 17 
5676, 16 
6067, 15 
5667, 16 
6071, 16 
5471, 15 
6006, 16 
5990, 15 
5991, 17 
6063, 16 
6540, 15 
6020, 16 
6016, 17 
6019, 19 
7005, 25 
6065, 18 
6077, 17 
5986, 15 
6081, 15 
6111, 16 
5992, 16 
5985, 16 
6034, 17 
5982, 15 
6017, 14 
6014, 15 
6082, 16 
6120, 15 
6048, 39 
6015, 16 
6029, 15 
5997, 16 
6070, 18 
6035, 16 
6132, 19 
6073, 15 
6719, 15 
5987, 15 
5994, 16 
6025, 17 
6046, 17 
6036, 15 
6072, 17 
6000, 16 
5984, 15 
5999, 17 
6032, 16 
6004, 16 
6478, 14 
6061, 16 
6045, 17 
6005, 16 
5996, 18 
6009, 16 
6713, 16 
6461, 15 
6210, 17 
6128, 16 
6131, 16 
6076, 17 
6117, 16 
6066, 20 
6007, 17 
6463, 15 
6010, 19 
6328, 15 
6502, 17 
6215, 17 
6121, 18 
6230, 17 
6200, 15 
6205, 17 
6192, 17 
6110, 16 
6203, 16 
6011, 16 
6021, 15 
6353, 25 
6130, 16 
7126, 17 
6060, 16 
6116, 16 
6208, 17 
6118, 21 
6127, 16 
6062, 16 
6718, 15 
6039, 17 
6125, 17 
6022, 16 
6213, 17 
6196, 15 
6285, 17 
6031, 17 
6146, 17 
6140, 15 
6126, 15 
6212, 17 
6201, 15 
6352, 16 
6027, 15 
6157, 17 
6191, 17 
6500, 18 
6521, 16 
6517, 16 
6510, 17 
6001, 17 
6514, 17 
6195, 16 
6103, 21 
6037, 16 
5995, 15 
6237, 16 
6505, 17 
6520, 17 
6221, 16 
7116, 14 
6056, 16 
6047, 18 
6138, 16 
6198, 15 
6266, 15 
6225, 15 
6238, 18 
6228, 17 
6055, 17 
6150, 17 
6112, 17 
6044, 16 
6002, 16 
6152, 15 
6524, 16 
6202, 18 
6515, 17 
6197, 17 
6185, 17 
6207, 18 
6283, 17 
6235, 16 
6024, 39 
6068, 15 
6288, 17 
6190, 18 
6133, 15 
6508, 15 
6161, 16 
6122, 16 
6137, 38 
6101, 24 
6276, 16 
6507, 99 
6211, 17 
6347, 16 
6227, 19 
6516, 15 
6105, 14 
6218, 16 
6115, 16 
6155, 16 
6160, 17 
6217, 15 
6123, 16 
6053, 18 
6106, 20 
6904, 17 
6506, 24 
6156, 17 
6193, 16 
6522, 17 
6136, 16 
6051, 17 
6242, 15 
6148, 16 
6236, 15 
6281, 16 
6158, 15 
6145, 17 
6147, 16 
6257, 17 
6176, 16 
6098, 18 
6052, 15 
7174, 15 
6231, 17 
6177, 15 
6222, 16 
6657, 16 
7149, 16 
6206, 16 
6248, 19 
6584, 99 
6151, 15 
6511, 16 
6153, 18 
6293, 15 
6583, 15 
6220, 15 
6591, 15 
6226, 16 
6313, 16 
6501, 17 
6536, 19 
6395, 16 
6362, 16 
6350, 16 
6240, 16 
6165, 16 
6144, 16 
6587, 15 
6275, 16 
6187, 16 
6258, 16 
6345, 16 
6245, 16 
6180, 16 
6102, 17 
6250, 15 
6300, 15 
6286, 16 
6342, 16 
6100, 17 
6223, 16 
6307, 23 
6216, 17 
6301, 16 
6549, 16 
6256, 16 
6241, 15 
6113, 21 
7172, 16 
6282, 18 
6325, 16 
6582, 17 
6298, 16 
6600, 16 
7101, 16 
6186, 16 
6317, 15 
6361, 15 
6181, 18 
6287, 15 
6310, 14 
6458, 16 
6898, 27 
6188, 16 
6268, 17 
6182, 15 
6351, 15 
6272, 17 
6947, 16 
6590, 16 
6446, 15 
6655, 19 
6660, 18 
6107, 16 
6365, 15 
6358, 17 
6290, 17 
6888, 16 
6547, 20 
6656, 17 
7108, 16 
6652, 16 
6243, 15 
6108, 27 
6247, 17 
6617, 18 
6999, 22 
6163, 17 
6135, 16 
6261, 15 
6326, 17 
6531, 51 
6648, 15 
6393, 16 
6658, 15 
6453, 17 
6277, 19 
6945, 16 
6246, 16 
6857, 16 
6875, 17 
6595, 17 
6581, 16 
6331, 20 
6619, 16 
6355, 15 
6578, 16 
6392, 17 
6175, 16 
6545, 24 
6162, 18 
6170, 17 
6535, 19 
6278, 17 
6577, 18 
6253, 17 
6623, 20 
6400, 17 
6858, 17 
6398, 26 
6295, 16 
6894, 27 
6596, 16 
6303, 16 
6450, 15 
6343, 16 
6316, 19 
6504, 17 
6357, 16 
6589, 16 
6601, 17 
6280, 15 
6348, 17 
6381, 16 
6265, 16 
6594, 18 
6525, 16 
6377, 16 
6401, 17 
6526, 16 
6910, 16 
6457, 16 
6546, 16 
6340, 15 
6346, 17 
6428, 15 
6373, 17 
6440, 16 
6541, 16 
6169, 16 
6456, 17 
6306, 15 
6593, 17 
6650, 15 
6567, 63 
7103, 16 
6385, 16 
6251, 15 
7000, 23 
6262, 17 
6330, 16 
6327, 15 
6183, 16 
6408, 16 
6900, 16 
6390, 18 
6649, 16 
6845, 18 
6532, 18 
6624, 17 
6448, 15 
6451, 16 
6263, 16 
6267, 18 
6890, 16 
6232, 16 
6332, 16 
6171, 17 
6893, 17 
6944, 16 
6252, 16 
6360, 16 
6654, 15 
6271, 15 
6622, 16 
6396, 38 
6368, 33 
6544, 16 
6363, 16 
6425, 17 
6388, 15 
6856, 40 
6322, 39 
6618, 21 
6443, 16 
6376, 16 
6426, 16 
6366, 18 
6323, 16 
6292, 16 
6529, 16 
6380, 16 
6318, 16 
6909, 17 
6579, 17 
6953, 16 
6948, 16 
6312, 17 
6411, 18 
6599, 27 
6696, 100 
6297, 17 
6367, 14 
6757, 17 
6897, 23 
6233, 16 
7106, 17 
6371, 15 
6178, 15 
6834, 16 
6798, 15 
6840, 15 
6534, 17 
6386, 17 
6422, 16 
6391, 17 
6850, 16 
6375, 15 
6421, 15 
6554, 18 
6383, 28 
6417, 16 
6410, 16 
6372, 16 
6172, 16 
6296, 18 
6308, 15 
6530, 16 
6356, 15 
6949, 16 
6402, 16 
6542, 23 
6814, 17 
6943, 16 
6370, 17 
6790, 17 
6800, 19 
6413, 18 
6902, 16 
6905, 16 
6255, 16 
6625, 19 
6705, 102 
6420, 15 
6889, 23 
6749, 17 
6405, 16 
6315, 16 
6829, 17 
6341, 16 
6564, 16 
6887, 16 
6273, 16 
6445, 17 
6853, 17 
6397, 39 
6431, 17 
6627, 16 
7104, 16 
6852, 15 
6861, 17 
6819, 16 
6572, 23 
6321, 15 
6620, 26 
6913, 17 
6799, 17 
6866, 16 
6311, 15 
6337, 16 
6842, 15 
6407, 15 
6433, 39 
6438, 16 
6872, 16 
6832, 15 
6441, 17 
6717, 16 
6772, 19 
6878, 18 
6789, 16 
6754, 33 
6882, 18 
6335, 15 
6895, 19 
6430, 16 
6437, 16 
6302, 16 
6406, 15 
6885, 16 
6760, 15 
6382, 17 
6839, 17 
6846, 16 
6780, 15 
6767, 20 
6685, 98 
6573, 17 
6455, 16 
6794, 17 
6820, 18 
6775, 16 
6876, 16 
6940, 16 
6427, 17 
6848, 16 
6879, 22 
6880, 16 
6774, 19 
6939, 17 
6841, 16 
6412, 15 
6938, 17 
6883, 16 
6752, 16 
6758, 14 
6565, 16 
6847, 15 
6884, 17 
6462, 15 
6552, 18 
6784, 16 
6768, 17 
6813, 17 
6669, 17 
7100, 27 
6967, 21 
6937, 17 
6778, 43 
6851, 16 
6666, 37 
6865, 16 
6907, 17 
6762, 26 
6447, 15 
6432, 15 
6436, 31 
6737, 17 
6338, 18 
6824, 16 
6442, 17 
6765, 16 
6753, 53 
6603, 16 
6783, 16 
6855, 17 
6822, 15 
6726, 16 
6959, 18 
6903, 16 
6957, 19 
6662, 17 
6817, 16 
6862, 16 
6728, 15 
6556, 16 
6828, 16 
6759, 16 
6770, 16 
6867, 16 
6769, 18 
6873, 16 
6574, 16 
6735, 18 
6747, 26 
6988, 19 
6870, 16 
6892, 18 
6990, 18 
6958, 16 
6776, 86 
6992, 17 
6785, 16 
6877, 17 
6818, 81 
6576, 18 
6566, 15 
6555, 16 
6863, 16 
6668, 17 
6950, 17 
6955, 16 
6793, 15 
6823, 16 
6727, 15 
6558, 18 
6960, 22 
6724, 99 
7191, 16 
6748, 14 
6694, 99 
6670, 16 
6763, 17 
6788, 16 
7171, 28 
6403, 16 
6452, 18 
7146, 15 
6830, 21 
6604, 17 
6551, 16 
6750, 17 
7189, 15 
6739, 16 
6815, 17 
6673, 18 
6609, 17 
6560, 16 
6791, 15 
6843, 15 
6952, 17 
7198, 14 
6970, 19 
6743, 98 
6562, 18 
6827, 15 
6997, 18 
6699, 16 
6786, 19 
6570, 18 
7177, 17 
6833, 17 
6755, 16 
6998, 27 
6688, 18 
6989, 19 
6614, 17 
6559, 19 
6667, 18 
6663, 15 
6825, 16 
6994, 71 
6732, 15 
6612, 16 
6942, 18 
6678, 16 
6764, 16 
6613, 16 
6672, 16 
6993, 16 
6722, 16 
7127, 17 
6607, 78 
7159, 16 
6995, 17 
6744, 18 
6987, 25 
6682, 17 
6926, 18 
6734, 15 
6729, 16 
6674, 15 
6418, 34 
6915, 19 
7170, 16 
6677, 19 
6561, 16 
6925, 16 
6707, 16 
7123, 14 
6693, 16 
6911, 16 
6571, 18 
6700, 94 
6733, 32 
6730, 30 
6610, 16 
6738, 19 
7144, 16 
7138, 16 
6795, 15 
6962, 100 
7186, 16 
6796, 14 
7187, 18 
7145, 16 
6716, 15 
6975, 21 
6675, 98 
7179, 17 
7141, 17 
6608, 26 
7183, 18 
7184, 16 
7160, 16 
7161, 45 
7175, 15 
6779, 17 
7153, 16 
7162, 16 
7173, 16 
6935, 16 
6683, 14 
7176, 16 
6965, 20 
6964, 25 
6712, 17 
7154, 17 
7130, 15 
7165, 15 
6781, 99 
6740, 15 
7164, 17 
6702, 16 
6711, 16 
6720, 16 
7112, 16 
7182, 16 
7155, 17 
6715, 16 
6973, 18 
6679, 60 
7136, 15 
6933, 17 
6689, 18 
7188, 15 
6423, 20 
7157, 16 
7117, 15 
7113, 16 
7167, 16 
6934, 18 
6912, 15 
6742, 15 
6928, 16 
7128, 17 
6684, 98 
7131, 17 
6709, 100 
6920, 16 
7121, 15 
6974, 27 
6969, 25 
7110, 16 
6690, 99 
7115, 16 
6977, 24 
7111, 16 
6972, 20 
6916, 98 
7166, 15 
6691, 17 
6606, 60 
6932, 18 
6921, 16 
6680, 99 
6703, 15 
7124, 27 
6918, 18 
7143, 16 
7118, 17 
7120, 18 
7135, 18 
6923, 16 
6982, 26 
7156, 16 
7125, 16 
6980, 20 
7181, 17 
6922, 17 
6978, 19 
6927, 24 
7134, 18 
6917, 16 
6984, 28 
6723, 17 
7129, 16 
6931, 18 
6985, 22 
6721, 17 
7119, 44 
7178, 14 
7109, 15 
6968, 23 
7133, 16 
7148, 16 
7140, 15 
7201, 37 
7210, 16 
7194, 15 
7193, 17 
7197, 16 
7200, 16 
7206, 18 
7215, 16 
7192, 16 
7207, 16 
7199, 16 
7208, 16 
7213, 16 
7203, 15 
7202, 19 
7331, 15 
7205, 16 
7211, 17 
7212, 15 
7342, 22 
7196, 15 
7324, 22 
7269, 15 
7328, 17 
7322, 20 
7271, 15 
7327, 20 
7321, 23 
7332, 17 
7336, 20 
7323, 22 
7343, 32 
7334, 20 
7329, 17 
7330, 17 
7337, 21 
7325, 20 
7333, 19 
7338, 22 
7273, 17 
7339, 24 
7341, 23 
7285, 16 
7270, 16 
7278, 15 
7280, 16 
7274, 15 
7293, 16 
7276, 16 
7279, 16 
7292, 18 
7275, 18 
7296, 18 
7283, 16 
7281, 15 
7295, 16 
7294, 15 
7286, 16 
7284, 16 
7409, 20 
7402, 18 
7405, 23 
7368, 20 
7421, 20 
7411, 24 
7407, 19 
7408, 17 
7417, 26 
7412, 17 
7400, 27 
7422, 19 
7418, 22 
7413, 20 
7419, 23 
7410, 21 
7406, 21 
7401, 20 
7416, 19 
7414, 21 
7423, 19 
7357, 24 
7358, 22 
7363, 22 
7351, 25 
7367, 22 
7347, 22 
7348, 21 
7346, 20 
7349, 28 
7352, 28 
7366, 27 
7353, 25 
7344, 23 
7364, 31 
7359, 22 
7257, 18 
7361, 18 
7354, 24 
7362, 22 
7266, 16 
7356, 22 
7244, 16 
7256, 16 
7247, 18 
7251, 16 
7248, 17 
7254, 16 
7249, 16 
7261, 23 
7252, 17 
7253, 15 
7262, 17 
7267, 17 
7268, 19 
7259, 20 
7263, 17 
7246, 16 
7258, 20 
7264, 19 
7320, 20 
7304, 19 
7306, 16 
7307, 17 
7300, 18 
7315, 17 
7311, 15 
7317, 17 
7299, 16 
7308, 15 
7313, 15 
7314, 16 
7305, 17 
7319, 20 
7318, 16 
7301, 21 
7298, 15 
7309, 17 
7303, 20 
7312, 15 
7223, 16 
7235, 17 
7226, 16 
7232, 16 
7233, 16 
7217, 17 
7243, 46 
7231, 17 
7228, 16 
7242, 17 
7220, 16 
7222, 18 
7221, 15 
7241, 16 
7225, 16 
7240, 16 
7218, 17 
7230, 16 
7227, 17 
7216, 16 
7624, 9 
7544, 18 
7805, 27 
7525, 32 
7928, 16 
7563, 19 
7533, 18 
7608, 19 
7600, 17 
7532, 17 
7607, 19 
7528, 26 
7610, 23 
7529, 18 
7609, 18 
7606, 17 
7612, 24 
7700, 27 
7534, 18 
7526, 31 
7597, 16 
7549, 19 
7598, 18 
7613, 36 
7527, 21 
7599, 18 
7697, 28 
7474, 35 
7555, 22 
7483, 21 
7620, 29 
7524, 35 
7823, 24 
7491, 18 
7475, 27 
7554, 22 
7688, 21 
7479, 23 
7691, 31 
7547, 21 
7687, 25 
7698, 26 
7583, 17 
7552, 100 
7548, 19 
7557, 25 
7496, 23 
7535, 32 
7550, 18 
7530, 18 
7709, 26 
7558, 19 
7567, 21 
7695, 20 
7854, 16 
7692, 21 
7718, 17 
7616, 31 
7826, 20 
7829, 16 
7506, 16 
7825, 20 
7539, 19 
7857, 35 
7713, 20 
7828, 16 
7707, 26 
7490, 19 
7478, 25 
7716, 81 
7724, 16 
7553, 17 
7696, 25 
7580, 19 
7559, 17 
7831, 38 
7701, 26 
7480, 22 
7566, 20 
7481, 35 
7710, 20 
7801, 19 
7703, 19 
7824, 18 
7536, 32 
7614, 30 
7803, 26 
7619, 22 
7833, 15 
7723, 18 
7562, 18 
7712, 18 
7849, 18 
7484, 17 
7489, 80 
7485, 18 
7572, 19 
7618, 32 
7540, 19 
7925, 16 
7495, 36 
7920, 15 
7821, 21 
7486, 83 
7617, 36 
7568, 19 
7798, 23 
7501, 19 
7708, 33 
7488, 18 
7494, 99 
7720, 19 
7537, 27 
7722, 18 
7498, 29 
7802, 22 
7507, 17 
8045, 17 
7769, 21 
7493, 24 
7852, 17 
7909, 17 
7575, 18 
7717, 20 
7693, 19 
7508, 22 
7538, 27 
7427, 19 
7476, 27 
7431, 23 
7851, 16 
7858, 16 
7565, 21 
7912, 16 
7752, 20 
7796, 21 
7830, 17 
7719, 17 
7853, 19 
7560, 18 
7522, 19 
7503, 18 
7874, 16 
7543, 17 
7910, 17 
7424, 19 
7856, 16 
7434, 17 
7766, 17 
7545, 18 
7767, 16 
7714, 28 
7923, 16 
7582, 25 
7704, 16 
7820, 37 
7814, 60 
7429, 18 
7907, 20 
7523, 25 
7519, 19 
7914, 18 
7882, 17 
7499, 25 
7816, 31 
7564, 20 
7509, 17 
7458, 26 
7435, 18 
7808, 20 
8043, 23 
7813, 24 
7859, 16 
7800, 28 
7573, 18 
7922, 15 
7513, 19 
7705, 20 
7915, 16 
7818, 28 
7865, 16 
8038, 20 
7571, 19 
7574, 36 
7815, 32 
7432, 20 
7515, 19 
7916, 17 
8077, 20 
7872, 19 
7867, 18 
7460, 32 
7809, 33 
7932, 16 
7433, 20 
7883, 17 
7772, 18 
7863, 15 
7921, 18 
8037, 20 
7773, 17 
7578, 17 
7777, 16 
7931, 16 
7835, 17 
8033, 42 
7810, 18 
7771, 17 
7517, 17 
7848, 30 
8042, 17 
7807, 18 
8076, 24 
7911, 16 
8067, 19 
7819, 23 
7797, 19 
7919, 19 
7871, 16 
7926, 35 
8070, 28 
7579, 27 
8041, 20 
7500, 28 
7866, 15 
7454, 24 
7450, 24 
7702, 21 
7504, 17 
7518, 16 
7938, 18 
7885, 17 
7942, 23 
7864, 61 
7847, 28 
8072, 33 
8013, 38 
7768, 17 
7428, 20 
8066, 26 
7453, 30 
7449, 21 
7884, 17 
7845, 29 
8008, 45 
8071, 32 
7742, 17 
7748, 17 
7927, 27 
7869, 18 
7930, 18 
7725, 17 
8040, 19 
8087, 25 
7774, 19 
7881, 16 
8035, 20 
7879, 99 
7588, 19 
7577, 49 
8036, 26 
8015, 18 
7512, 23 
7811, 95 
7876, 17 
7838, 17 
7880, 17 
8074, 33 
7744, 18 
7589, 21 
7935, 27 
7585, 17 
8051, 18 
8069, 98 
7426, 19 
7514, 18 
7470, 28 
8010, 30 
7455, 30 
8012, 19 
7594, 18 
7463, 21 
7584, 17 
7746, 18 
7836, 16 
7846, 41 
8075, 37 
8018, 17 
8017, 18 
7839, 16 
7520, 19 
8089, 21 
7940, 24 
8084, 30 
7945, 22 
7834, 16 
7469, 22 
8081, 19 
7747, 17 
8085, 29 
8016, 16 
7776, 17 
7841, 23 
7900, 16 
7840, 18 
8086, 29 
7751, 16 
7595, 18 
8082, 24 
7943, 23 
7877, 17 
8063, 18 
8022, 20 
8025, 23 
7456, 27 
7451, 24 
8052, 16 
8064, 25 
7754, 19 
7461, 26 
8050, 16 
7743, 16 
7902, 16 
7762, 17 
8090, 17 
8048, 18 
7741, 17 
7790, 24 
7795, 22 
7448, 21 
7459, 26 
7466, 22 
7937, 18 
7946, 18 
8080, 19 
7443, 17 
7901, 16 
7593, 19 
7592, 17 
7590, 17 
7753, 19 
7587, 18 
7955, 32 
7957, 24 
7727, 17 
7436, 22 
7789, 21 
7761, 16 
7763, 20 
7953, 27 
8031, 24 
7936, 17 
8020, 19 
7782, 16 
7904, 16 
7934, 16 
8079, 16 
7734, 24 
7464, 30 
7952, 22 
7444, 19 
7468, 22 
7948, 23 
7950, 20 
8032, 20 
7758, 21 
7906, 16 
8065, 23 
7445, 18 
7739, 20 
8030, 29 
8027, 17 
8028, 21 
7888, 18 
7736, 23 
7951, 21 
7473, 26 
8046, 16 
7875, 17 
7941, 25 
7899, 97 
7760, 18 
7738, 31 
8021, 18 
7732, 36 
7793, 23 
7780, 17 
7792, 23 
7791, 27 
7756, 18 
7886, 15 
7440, 18 
8023, 94 
8053, 16 
7947, 26 
7733, 23 
7898, 17 
7737, 48 
7465, 22 
8047, 17 
7781, 18 
7730, 17 
7731, 19 
7905, 15 
7441, 17 
7956, 28 
7438, 17 
7962, 32 
7977, 18 
7963, 25 
7976, 15 
7958, 28 
7970, 22 
7966, 16 
7981, 25 
7960, 26 
7980, 28 
7961, 28 
7973, 19 
7978, 37 
7972, 20 
7982, 18 
7975, 17 
7971, 22 
7965, 19 
7968, 23 
7967, 17 
6087, 17 
6088, 18 
6092, 16 
6095, 17 
6091, 16 
6083, 18 
6097, 15 
6075, 17 
6086, 31 
6080, 15 
6096, 19 
6090, 15 
6085, 15 
6093, 15 
6078, 18 
8000, 18 
7990, 17 
7987, 17 
8001, 18 
7986, 19 
8005, 38 
7997, 18 
7998, 17 
7991, 17 
7983, 21 
8007, 27 
7993, 52 
7985, 24 
8006, 28 
7992, 17 
7988, 18 
8002, 20 
8003, 82 
7996, 16 
7995, 17 
6705, 102 
6707, 16 
6696, 100 
6962, 100 
