1132, 37 
1125, 35 
1127, 38 
1126, 38 
1133, 20 
1129, 34 
1130, 30 
1231, 38 
1228, 36 
1131, 37 
1322, 32 
1134, 38 
1330, 36 
1339, 35 
1135, 36 
1140, 35 
1139, 31 
1136, 39 
1141, 40 
1144, 40 
1142, 38 
1128, 29 
1338, 38 
1143, 34 
1337, 15 
1229, 39 
1335, 24 
1138, 23 
1102, 34 
1502, 36 
1565, 17 
1407, 18 
1313, 31 
1308, 29 
1488, 36 
1233, 16 
1015, 31 
1428, 35 
1193, 19 
1012, 28 
1124, 19 
1014, 21 
1001, 36 
1004, 21 
1027, 37 
1044, 18 
1020, 37 
1026, 37 
1569, 37 
1041, 34 
1017, 23 
1010, 35 
1021, 39 
1030, 38 
1002, 38 
1009, 18 
1037, 39 
1744, 17 
1011, 28 
1007, 38 
1029, 18 
1000, 38 
1105, 37 
1334, 36 
1022, 18 
1047, 37 
1016, 38 
1024, 19 
1019, 22 
1232, 17 
1046, 33 
1107, 38 
1099, 18 
1086, 39 
1025, 35 
1042, 38 
1034, 20 
1255, 18 
1347, 19 
1035, 39 
1006, 32 
1031, 37 
1051, 36 
1072, 38 
1180, 25 
1076, 36 
1079, 18 
1111, 34 
1069, 18 
1059, 20 
1005, 34 
1060, 36 
1067, 36 
1115, 16 
1226, 35 
1036, 17 
1104, 38 
1171, 27 
1100, 38 
1244, 18 
1050, 24 
1040, 37 
1039, 18 
1175, 26 
1101, 36 
1453, 23 
1065, 37 
1032, 39 
1344, 17 
1054, 19 
1333, 29 
1173, 19 
1183, 19 
1121, 33 
1049, 20 
1227, 23 
1151, 22 
1062, 36 
1331, 33 
1501, 36 
1174, 31 
1413, 17 
1075, 36 
1345, 19 
1119, 18 
1055, 27 
1122, 36 
1052, 24 
1221, 23 
1528, 39 
1222, 28 
1516, 30 
1237, 18 
1243, 17 
1081, 38 
1095, 25 
1080, 37 
1061, 38 
1225, 18 
1179, 27 
1450, 18 
1106, 37 
1117, 33 
1526, 32 
1490, 37 
1168, 18 
1166, 20 
1145, 31 
1056, 36 
1241, 18 
1505, 17 
1417, 27 
1416, 18 
1533, 28 
1521, 37 
1085, 36 
1155, 18 
1392, 18 
1246, 17 
1419, 36 
1057, 20 
1087, 29 
1110, 37 
1240, 19 
1511, 37 
1522, 29 
1312, 34 
1178, 18 
1495, 19 
1515, 17 
1482, 20 
1064, 20 
1496, 21 
1422, 34 
1238, 20 
1074, 17 
1096, 24 
1120, 35 
1176, 29 
1181, 25 
1084, 21 
1340, 39 
1535, 19 
1421, 18 
1146, 23 
1071, 36 
1483, 32 
1729, 18 
1332, 31 
1149, 37 
1090, 35 
1426, 19 
1109, 19 
1500, 18 
1486, 31 
1506, 38 
1346, 17 
1440, 20 
1503, 37 
1433, 36 
1094, 19 
1498, 40 
1045, 20 
1513, 35 
1527, 37 
1385, 17 
1153, 19 
1438, 38 
1424, 36 
1150, 39 
1164, 35 
1114, 21 
1161, 38 
1387, 17 
1381, 18 
1443, 37 
1341, 29 
1427, 17 
1156, 36 
1184, 30 
1158, 19 
1091, 36 
1517, 18 
1525, 17 
1165, 39 
1070, 18 
1160, 27 
1245, 18 
1556, 31 
1492, 19 
1518, 17 
1082, 26 
1170, 31 
1295, 22 
1223, 18 
1485, 19 
1148, 20 
1562, 17 
1190, 33 
1445, 16 
1391, 18 
1451, 25 
1436, 37 
1547, 19 
1510, 18 
1194, 40 
1512, 37 
1402, 17 
1382, 17 
1552, 37 
1435, 17 
1536, 37 
1405, 17 
1342, 32 
1523, 36 
1480, 17 
1497, 35 
1389, 18 
1715, 17 
1380, 17 
1491, 21 
1714, 19 
1481, 18 
1418, 31 
1684, 41 
1432, 18 
1726, 19 
1730, 18 
1423, 24 
1116, 27 
1493, 36 
1507, 36 
1077, 19 
1349, 17 
1431, 23 
1739, 40 
1685, 19 
1696, 17 
1745, 17 
1273, 20 
1400, 18 
1377, 16 
1545, 19 
1447, 37 
1736, 22 
1159, 36 
1557, 21 
1404, 18 
1195, 25 
1197, 21 
1275, 23 
1446, 36 
1694, 18 
1401, 18 
1154, 36 
1452, 32 
1460, 19 
1692, 18 
1741, 18 
1399, 18 
1429, 38 
1376, 18 
1169, 37 
1546, 19 
1541, 25 
1572, 17 
1406, 19 
1531, 21 
1716, 18 
1554, 31 
1267, 17 
1463, 22 
1092, 36 
1277, 18 
1530, 19 
1395, 18 
1725, 19 
1112, 37 
1540, 19 
1390, 17 
1749, 19 
1203, 36 
1284, 31 
1687, 18 
1487, 36 
1712, 17 
1206, 38 
1437, 39 
1706, 20 
1539, 31 
1468, 39 
1732, 17 
1722, 17 
1559, 18 
1208, 33 
1274, 23 
1475, 17 
1709, 19 
1549, 24 
1462, 25 
1691, 19 
1757, 17 
1397, 19 
1710, 25 
1561, 23 
1220, 18 
1731, 18 
1191, 19 
1719, 20 
1458, 38 
1724, 21 
1293, 23 
1360, 19 
1202, 36 
1711, 18 
1188, 18 
1289, 33 
1544, 18 
1695, 17 
1702, 17 
1550, 36 
1542, 19 
1279, 27 
1198, 37 
1555, 37 
1707, 18 
1690, 18 
1698, 40 
1379, 18 
1465, 20 
1089, 19 
1476, 38 
1737, 19 
1207, 21 
1200, 18 
1551, 31 
1201, 25 
1189, 38 
1756, 18 
1727, 17 
1218, 28 
1755, 19 
1461, 19 
1212, 37 
1457, 38 
1735, 18 
1448, 40 
1290, 36 
1532, 32 
1455, 38 
1441, 34 
1186, 31 
1560, 28 
1705, 17 
1185, 20 
1216, 36 
1720, 18 
1282, 18 
1394, 17 
1215, 19 
1371, 16 
1689, 18 
1213, 42 
1442, 35 
1747, 32 
1278, 29 
1575, 21 
1365, 21 
1704, 21 
1456, 38 
1364, 19 
1752, 18 
1473, 36 
1734, 16 
1375, 16 
1196, 41 
1210, 19 
1285, 18 
1538, 40 
1359, 18 
1470, 18 
1361, 18 
1571, 16 
1750, 18 
1354, 18 
1280, 24 
1754, 17 
1396, 21 
1374, 18 
1205, 20 
1742, 19 
1352, 21 
1292, 20 
1564, 18 
1566, 18 
1577, 25 
1740, 18 
1369, 17 
1477, 39 
1699, 19 
1574, 17 
1357, 18 
1686, 19 
1570, 21 
1350, 18 
1362, 19 
1355, 19 
1372, 19 
1288, 36 
1211, 35 
1287, 20 
1567, 28 
1467, 36 
1294, 24 
1351, 17 
1478, 38 
1746, 20 
1466, 39 
1367, 17 
1700, 19 
1472, 35 
1265, 18 
1356, 22 
1250, 18 
1471, 38 
1579, 28 
1217, 23 
1751, 43 
1366, 17 
1248, 18 
1268, 18 
1258, 17 
1256, 17 
1259, 18 
1251, 17 
1254, 18 
1272, 16 
1249, 18 
1260, 18 
1263, 19 
1257, 17 
1253, 17 
1270, 20 
1269, 17 
1264, 17 
1662, 22 
1660, 17 
1669, 19 
1671, 33 
1661, 17 
1680, 19 
1677, 18 
1667, 18 
1682, 39 
1681, 21 
1664, 19 
1679, 19 
1676, 18 
1670, 37 
1674, 18 
1675, 18 
1666, 19 
1672, 25 
1659, 19 
1665, 19 
1649, 17 
1584, 24 
1586, 23 
1581, 33 
1582, 32 
1642, 17 
1655, 18 
1657, 19 
1580, 37 
1641, 18 
1646, 25 
1644, 19 
1585, 29 
1650, 18 
1654, 23 
1645, 18 
1656, 18 
1647, 19 
1652, 29 
1651, 17 
486, 30 
479, 34 
484, 33 
508, 34 
1814, 43 
481, 35 
1869, 28 
513, 39 
514, 39 
1811, 42 
509, 41 
1872, 38 
515, 40 
1809, 43 
1812, 45 
1810, 42 
815, 26 
507, 34 
800, 37 
480, 38 
2148, 8 
473, 15 
477, 33 
801, 39 
837, 37 
478, 33 
2000, 39 
886, 28 
476, 42 
2375, 29 
898, 19 
1868, 29 
731, 38 
1871, 44 
2687, 23 
1867, 20 
1864, 39 
2036, 37 
1860, 36 
1818, 17 
1862, 19 
1873, 38 
1815, 17 
1816, 19 
868, 18 
2417, 40 
1858, 17 
1865, 33 
1859, 32 
1819, 23 
1817, 18 
1879, 18 
1877, 17 
814, 24 
809, 37 
1876, 27 
804, 38 
728, 25 
811, 38 
805, 37 
810, 22 
1875, 40 
813, 27 
806, 34 
1863, 18 
803, 29 
817, 21 
1891, 36 
867, 19 
1880, 35 
880, 24 
853, 22 
1890, 36 
1894, 36 
1881, 32 
871, 19 
1885, 39 
860, 18 
852, 30 
799, 37 
826, 36 
823, 35 
1834, 29 
511, 29 
857, 18 
876, 19 
1882, 32 
1874, 38 
1884, 21 
1889, 17 
831, 37 
1829, 18 
855, 17 
822, 39 
1950, 17 
816, 29 
808, 30 
865, 20 
1797, 42 
875, 18 
863, 17 
821, 38 
832, 39 
1886, 28 
592, 36 
835, 30 
818, 30 
873, 18 
825, 18 
2330, 26 
2338, 38 
1887, 33 
866, 19 
899, 39 
517, 39 
1799, 42 
1901, 37 
872, 17 
828, 38 
1806, 44 
1838, 27 
882, 30 
1833, 28 
1800, 41 
1802, 42 
692, 28 
1835, 37 
862, 17 
870, 18 
891, 38 
510, 26 
820, 29 
833, 27 
2302, 19 
1805, 45 
1840, 35 
900, 28 
1801, 44 
861, 19 
2305, 26 
1892, 23 
2309, 26 
1807, 44 
881, 37 
701, 29 
2314, 26 
1839, 25 
856, 18 
512, 30 
830, 22 
1804, 45 
1844, 36 
1796, 46 
2626, 38 
838, 39 
1822, 17 
858, 19 
2335, 30 
1843, 25 
2339, 28 
2340, 27 
2620, 19 
2136, 38 
2245, 36 
827, 34 
885, 26 
2325, 37 
1837, 22 
2317, 18 
2672, 37 
2333, 31 
693, 37 
702, 40 
2303, 28 
2662, 37 
2347, 18 
2345, 22 
2324, 36 
1842, 18 
2668, 37 
893, 35 
2617, 34 
2337, 18 
2635, 19 
2249, 23 
836, 36 
847, 20 
2308, 24 
895, 37 
2332, 18 
888, 35 
2236, 26 
2300, 29 
2246, 27 
2319, 17 
2320, 19 
2310, 28 
1850, 19 
840, 25 
850, 22 
883, 33 
2665, 18 
2152, 19 
2349, 19 
2312, 19 
2307, 20 
892, 40 
2162, 40 
727, 38 
2137, 41 
2125, 35 
2678, 39 
2313, 37 
2409, 38 
2250, 38 
2661, 38 
845, 18 
1853, 37 
523, 36 
703, 36 
2241, 27 
524, 40 
2342, 18 
2631, 18 
2625, 18 
2419, 43 
2304, 31 
2163, 38 
802, 37 
1998, 20 
721, 25 
2374, 37 
536, 26 
1845, 19 
2621, 36 
2234, 40 
2367, 19 
709, 25 
2318, 20 
2327, 19 
1849, 36 
1857, 19 
2618, 29 
2633, 21 
533, 30 
2354, 37 
887, 37 
2329, 39 
2169, 25 
2161, 17 
1848, 39 
843, 18 

2322, 19 
2421, 41 
2348, 35 
516, 39 
694, 27 
2135, 25 
1895, 17 
719, 37 

2647, 31 
2370, 17 
1831, 39 
1832, 26 
1826, 18 
1827, 18 
1824, 18 
2532, 39 
2628, 37 
2194, 41 
2597, 38 
2299, 26 
2418, 40 
2541, 27 
896, 36 
2146, 28 
713, 36 
2358, 37 
2240, 30 
2671, 37 
2177, 21 
2231, 19 
724, 25 
2630, 21 
2334, 25 
519, 38 
2531, 39 
2184, 19 
2667, 37 
2166, 20 
518, 38 
848, 18 
716, 29 
2683, 38 
2164, 36 
980, 32 
2315, 27 
2503, 35 
977, 32 
2676, 17 
2615, 18 
2197, 38 
1847, 16 
878, 24 
2343, 27 
2645, 18 
994, 39 
2613, 24 
723, 39 
711, 26 
2193, 39 
2504, 34 
877, 17 
706, 27 
2548, 31 
2612, 37 
2289, 37 
2545, 18 
2636, 20 
2622, 38 
2106, 38 
2275, 30 
2616, 25 
1855, 20 
2244, 28 
981, 38 
2127, 33 
846, 18 
2501, 19 
2703, 39 
2352, 17 
1795, 57 
534, 35 
697, 35 
2407, 22 
2360, 19 
528, 31 
2723, 28 
2705, 20 
2670, 18 
2174, 29 
539, 30 
699, 28 
975, 23 
2157, 37 
2686, 24 
2651, 31 
2295, 35 
851, 18 
2323, 40 
2229, 35 
714, 35 
982, 35 
2736, 30 
582, 34 
696, 25 
722, 29 
2294, 23 
2248, 18 
2416, 18 
890, 18 
2004, 34 
2168, 30 
2278, 36 
579, 35 
2408, 34 
2648, 36 
2681, 32 
2363, 37 
2728, 23 
2355, 37 
2130, 35 
2196, 20 
2507, 33 
2506, 17 
2499, 36 
2015, 38 
2226, 18 
2288, 38 
2344, 38 
2655, 20 
527, 39 
2701, 36 
2652, 39 
2172, 23 
984, 20 
2702, 35 
1823, 24 
2110, 19 
771, 27 
2623, 35 
2293, 36 
2530, 18 
2688, 38 
996, 17 
2359, 35 
2608, 28 
726, 27 
2173, 39 
526, 27 
1854, 40 
1852, 33 
2159, 37 
587, 33 
2595, 18 
543, 37 
2525, 18 
2727, 38 
2538, 24 
2158, 39 
2606, 34 
776, 25 
2365, 39 
2230, 19 
1899, 21 
2637, 19 
976, 35 
2187, 40 
2641, 24 
2124, 38 
2730, 18 
2660, 17 
2677, 20 
2715, 21 
2692, 38 
2140, 37 
786, 27 

2537, 35 
2509, 26 
841, 35 
2362, 18 
2283, 35 
2105, 20 
2642, 17 
717, 43 
2243, 19 
2696, 29 
2228, 18 
2508, 34 
704, 37 
2008, 19 
2712, 35 
576, 27 
529, 39 
2610, 19 
2607, 33 
2675, 38 
2697, 41 
979, 18 
2002, 39 
542, 30 
2596, 38 
2167, 27 
2695, 18 
1897, 18 
684, 24 
2238, 21 
2698, 38 
2401, 20 
2413, 35 
2134, 18 
2183, 39 
2700, 17 
2663, 18 
2025, 36 
2587, 38 
2640, 20 
2189, 37 
1896, 17 
1828, 18 
2590, 17 
2285, 36 
2114, 19 
2290, 35 
2353, 36 
2588, 38 
2178, 38 
537, 29 
2666, 40 
773, 28 

2403, 34 
2117, 19 
2116, 35 
718, 33 
2650, 18 
2414, 19 
2502, 36 
2287, 18 
2368, 39 
2716, 24 
2611, 33 
2005, 19 
2282, 19 
2535, 18 
2171, 20 
531, 25 
2279, 36 
2297, 19 
2685, 20 
2350, 38 
777, 28 
2225, 18 
586, 26 
2603, 23 
2600, 25 
2725, 19 
991, 23 
2682, 38 
2277, 18 
548, 32 
2733, 18 
2680, 19 
2145, 31 
2706, 38 
2404, 27 
1994, 29 
2643, 22 
547, 39 
2658, 19 
2591, 23 
2713, 36 
2120, 37 
549, 35 
581, 41 
708, 37 
2129, 18 
2720, 20 
2144, 18 
1930, 32 
732, 38 
986, 38 
987, 18 
2112, 18 
2527, 34 
2181, 20 
997, 39 
2526, 40 
554, 37 
2021, 38 
767, 30 
2115, 21 
2423, 25 
2029, 37 
2673, 38 
488, 35 
541, 35 
2718, 25 
2547, 39 
1924, 29 
2373, 39 
2735, 19 
2109, 18 
2528, 37 
2690, 17 
2540, 19 
2372, 17 
2726, 25 
2731, 24 
2439, 23 
2602, 27 
2412, 19 
985, 37 
2543, 27 
2364, 36 
538, 38 
2429, 23 
2023, 21 
2517, 18 
2638, 22 
2708, 35 
1951, 39 
2657, 22 
989, 19 
741, 26 
2284, 35 
739, 36 
578, 26 
2020, 20 
2422, 26 
2521, 35 
1931, 34 
2542, 38 
768, 34 
2433, 31 
707, 38 
995, 38 
729, 37 
2111, 19 
2434, 31 
2292, 18 
1933, 23 
577, 33 
2009, 28 
1922, 37 
990, 31 
2707, 35 
2018, 20 
2570, 20 
2691, 39 
2721, 31 
2553, 34 
583, 37 
553, 41 
2512, 38 
2424, 28 
2233, 18 
2119, 20 
2561, 31 
2568, 38 
2024, 38 
689, 38 
2028, 18 
2550, 19 
1938, 18 
1946, 35 
2533, 37 
2019, 37 
738, 31 
2520, 37 
992, 18 
783, 36 
2523, 36 
2551, 39 
2513, 37 
2436, 18 
734, 36 
2693, 37 
2592, 32 
733, 38 
2511, 17 
2562, 37 
552, 37 
2732, 36 
2447, 29 
2427, 40 
737, 30 
2441, 17 
2437, 28 
489, 35 
2557, 36 
2585, 18 
2431, 19 
784, 38 
778, 27 
2357, 19 
2583, 21 
781, 25 
2722, 35 
2443, 38 
2567, 39 
2560, 19 
1789, 23 
584, 27 
557, 35 
2555, 37 
2593, 38 
2563, 38 
1785, 18 
772, 36 

2444, 38 
999, 24 
2516, 18 
1934, 34 
1948, 19 
1955, 20 
2566, 34 
1787, 18 
751, 26 
551, 40 
1958, 29 
2426, 17 
2565, 19 
561, 26 
779, 28 
2428, 35 
574, 37 
556, 33 
747, 35 
2514, 37 
1786, 22 
491, 35 
2605, 21 
591, 26 
2448, 38 
774, 27 
1929, 27 
782, 37 
497, 36 
2711, 35 
558, 30 
490, 37 
1940, 37 
2522, 35 
566, 24 
588, 39 

688, 30 
2519, 35 
769, 36 
1953, 24 
495, 36 
2556, 40 
573, 26 
1791, 19 
2552, 36 
687, 37 
1792, 18 
2558, 36 
1949, 19 
563, 31 
746, 25 
1784, 17 
1926, 35 
493, 38 
744, 26 
742, 34 
736, 29 
2586, 38 
501, 35 
564, 27 
562, 38 
691, 27 
743, 27 

572, 36 
589, 33 
748, 29 
568, 35 
502, 36 
686, 35 
1790, 18 
506, 37 
492, 35 
1794, 19 
505, 37 
1771, 18 
1774, 17 
504, 35 
498, 36 
1764, 17 
503, 35 
2001, 46 
1765, 17 
752, 27 
1772, 23 
487, 35 
567, 37 
1777, 20 
494, 35 
1775, 26 
1767, 18 
571, 27 
1762, 18 
496, 36 
1781, 17 
759, 39 
1769, 19 
500, 36 
1759, 17 
1770, 18 
1782, 21 
756, 25 
1760, 19 
1776, 34 
1779, 20 
757, 36 
569, 26 
758, 33 
1766, 18 
1780, 18 
754, 36 
763, 35 
761, 28 
762, 27 
1761, 44 
766, 25 
764, 38 
1966, 21 
1965, 38 
1989, 34 
1981, 36 
1969, 39 
1961, 21 
1973, 18 
1964, 39 
1975, 39 
1979, 20 
1959, 37 
1971, 39 
1984, 20 
1993, 19 
1963, 19 
1980, 39 
1974, 27 
1991, 21 
1968, 34 
1986, 38 
911, 17 
906, 37 
913, 18 
920, 35 
904, 22 
905, 37 
910, 38 
923, 16 
901, 23 
914, 30 
918, 16 
921, 36 
915, 37 
903, 18 
916, 23 
919, 38 
908, 19 
924, 28 
909, 24 
925, 33 
2038, 34 
2042, 38 
2037, 39 
2043, 38 
2047, 39 
935, 38 
934, 37 
2045, 36 
2054, 19 
2070, 19 
2065, 26 
2069, 19 
2051, 37 
2060, 26 
2056, 38 
2066, 25 
2067, 34 
2048, 38 
2057, 38 
2052, 38 
2049, 39 
2062, 25 
938, 35 
944, 25 
936, 39 
933, 19 
937, 29 
929, 35 
930, 41 
945, 39 
949, 32 
948, 39 
942, 18 
943, 40 
939, 37 
940, 29 
926, 31 
928, 20 
947, 18 
2209, 25 
931, 37 
2204, 34 
2208, 34 
2198, 22 
2203, 35 
2216, 27 
2219, 17 
2202, 35 
2199, 36 
2223, 20 
2221, 19 
2218, 20 
2212, 40 
2213, 36 
2215, 35 
2207, 29 
2214, 40 
2220, 21 
2201, 19 
2206, 18 
972, 34 
957, 16 
970, 38 
958, 37 
955, 23 
954, 36 
961, 39 
969, 17 
959, 35 
953, 39 
952, 16 
971, 19 
950, 34 
974, 37 
962, 36 
960, 20 
966, 36 
967, 33 
965, 17 
964, 18 
2081, 37 
2089, 17 
2090, 21 
2092, 33 
2101, 18 
2099, 21 
2087, 37 
2079, 41 
2096, 38 
2082, 37 
2076, 37 
2086, 38 
2084, 19 
2075, 37 
2095, 31 
2085, 37 
2097, 28 
2100, 18 
2102, 20 
2091, 21 
2476, 18 
2491, 18 
2483, 39 
2479, 24 
2474, 31 
2486, 19 
2497, 36 
2484, 37 
2489, 29 
2493, 37 
2494, 38 
2482, 38 
2487, 36 
2496, 19 
2478, 38 
2481, 18 
2477, 24 
2488, 27 
2492, 36 
2498, 18 
2469, 43 
2472, 42 
2467, 42 
2471, 42 
2468, 44 
2466, 55 
2473, 42 
2464, 38 
2457, 37 
2449, 36 
2463, 38 
2451, 18 
2458, 34 
2461, 17 
2459, 41 
2452, 18 
2453, 19 
2456, 19 
2462, 38 
2454, 18 
3101, 11 
2741, 39 
2911, 21 
3102, 13 
3788, 7 
3489, 19 
2905, 23 
2869, 18 
3422, 34 
3517, 33 
2900, 21 
3428, 34 
3427, 34 
3423, 33 
2908, 18 
3421, 34 
2898, 20 
2771, 33 
2818, 36 
3008, 20 
3373, 24 
2899, 26 
2906, 19 
3099, 13 
2896, 19 
2948, 18 
3424, 32 
2743, 33 
2909, 19 
3100, 11 
2901, 22 
3001, 21 
2999, 21 
2822, 18 
2904, 27 
2839, 27 
2815, 18 
3426, 33 
2838, 27 
2748, 39 
2740, 17 
2918, 21 
2846, 18 
2915, 36 
2996, 18 
3006, 18 
2844, 36 
2916, 35 
3004, 19 
2738, 35 
2820, 20 
2920, 29 
2919, 31 
3009, 18 
2737, 38 
2817, 24 
3097, 13 
2913, 33 
2745, 39 
2978, 21 
3499, 18 
2747, 36 
3096, 13 
3015, 19 
2742, 39 
3005, 18 
2910, 21 
3003, 19 
2746, 37 
2903, 20 
2831, 29 
2979, 31 
2752, 33 
2914, 36 
2823, 19 
2998, 19 
3000, 19 
2955, 18 
2813, 35 
2812, 38 
2980, 25 
3019, 18 
3020, 18 
2954, 19 
2816, 39 
2821, 35 
3014, 37 
2842, 27 
3011, 23 
2981, 26 
2923, 21 
2931, 34 
3018, 18 
2956, 20 
2828, 28 
3480, 22 
3471, 18 
2933, 19 
2858, 39 
2852, 40 
2841, 20 
2830, 39 
3010, 21 
2848, 28 
3107, 18 
2843, 20 
2973, 18 
2953, 20 
2924, 32 
2857, 35 
2971, 19 
2921, 32 
3106, 18 
2847, 37 
3013, 19 
2851, 19 
2983, 19 
2926, 30 
2974, 18 
2928, 20 
3476, 18 
4112, 17 
2946, 21 
3103, 21 
2949, 20 
2836, 20 
3479, 18 
2837, 34 
2854, 19 
2976, 23 
2849, 23 
3470, 27 
3016, 19 
3105, 18 
2859, 36 
2760, 20 
2753, 37 
2856, 22 
2757, 36 
2929, 26 
3488, 20 
3082, 12 
2950, 17 
2991, 19 
2925, 36 
3469, 26 
2958, 19 
2993, 18 
3075, 12 
2825, 18 
3491, 20 
3125, 20 
2965, 18 
3560, 27 
3493, 19 
3155, 19 
2833, 23 
2827, 35 
2797, 34 
3153, 19 
2787, 39 
2832, 37 
3498, 18 
3156, 18 
3076, 12 
3485, 19 
2963, 18 
2930, 29 
3490, 19 
2990, 19 
2834, 26 
2826, 34 
3079, 12 
3112, 19 
2751, 39 
3108, 19 
2951, 20 
2988, 20 
3130, 19 
2798, 22 
3473, 20 
2756, 36 
3146, 30 
3460, 21 
4265, 29 
3150, 21 
3151, 19 
4149, 19 
4280, 19 
3122, 28 
3486, 21 
3117, 30 
3478, 31 
2761, 18 
3454, 21 
3110, 18 
3113, 23 
3157, 28 
2790, 20 
4155, 29 
2960, 20 
3147, 29 
3132, 20 
3481, 18 
3029, 19 
3475, 19 
2966, 18 
3072, 15 
3505, 18 
3554, 19 
2985, 18 
3444, 20 
4151, 25 
3506, 19 
4140, 26 
2975, 21 
2964, 18 
3484, 25 
4269, 22 
3080, 12 
3116, 27 
4272, 20 
3152, 18 
3368, 31 
2755, 21 
3071, 12 
3043, 18 
3483, 19 
3024, 19 
3031, 17 
3128, 29 
3026, 18 
2792, 36 
3127, 30 
4236, 20 
3503, 18 
4100, 19 
2758, 34 
2994, 18 
3126, 26 
3033, 18 
3447, 22 
3193, 21 
4152, 28 
3546, 17 
2795, 19 
3371, 20 
2750, 22 
3377, 30 
3141, 18 
3378, 29 
3504, 18 
2793, 33 
3212, 19 
3448, 18 
3474, 18 
4161, 31 
2791, 38 
3372, 28 
3559, 18 
2995, 19 
2788, 39 
3162, 23 
2984, 18 
4159, 21 
3452, 20 
3277, 28 
3468, 17 
3045, 18 
4141, 28 
4270, 28 
3148, 28 
3158, 22 
3091, 18 
3798, 29 
3118, 30 
3513, 18 
3267, 18 
3121, 29 
4102, 29 
4095, 29 
4160, 27 
3021, 19 
4164, 21 
4266, 27 
3508, 19 
2766, 18 
3369, 30 
3374, 31 
3138, 18 
3495, 18 
3160, 18 
4279, 19 
4281, 20 
3131, 26 
3455, 20 
3074, 13 
3023, 19 
3111, 23 
3500, 24 
3558, 24 
3089, 11 
3161, 19 
4162, 26 
3459, 22 
3028, 20 
3555, 19 
4156, 29 
2989, 22 
4219, 21 
2864, 28 
3553, 18 
3135, 18 
3271, 20 
4230, 19 
3092, 13 
3086, 12 
3464, 21 
2872, 35 
3123, 27 
3081, 13 
3039, 20 
4147, 18 
4274, 19 
3418, 22 
3440, 29 
4250, 30 
2968, 19 
3501, 18 
2808, 35 
3511, 26 
2986, 21 
3458, 24 
2762, 32 
4282, 23 
3035, 19 
2810, 18 
3450, 19 
2796, 36 
4144, 19 
3270, 20 
3085, 12 
4145, 18 
4216, 30 
3457, 20 
4111, 20 
2959, 19 
3142, 18 
2801, 24 
3449, 32 
3431, 22 
4234, 19 
3133, 18 
3548, 18 
2768, 37 
3466, 28 
3445, 21 
3437, 22 
3795, 19 
3494, 22 
3797, 31 
4226, 20 
4231, 29 
4008, 19 
4106, 22 
4109, 18 
4110, 19 
3265, 18 
4142, 30 
2807, 36 
3236, 27 
3087, 19 
3543, 18 
2936, 23 
2802, 25 
4107, 22 
2862, 21 
3115, 19 
3143, 18 
3563, 18 
3344, 19 
3514, 19 
4146, 29 
3462, 30 
3137, 22 
2800, 19 
2866, 18 
4276, 18 
2803, 26 
3550, 26 
3038, 18 
4260, 30 
4225, 29 
3509, 29 
3077, 13 
4113, 29 
3030, 18 
3201, 19 
2773, 36 
3036, 19 
3544, 18 
3347, 31 
3090, 13 
3208, 21 
4251, 28 
4287, 29 
4241, 29 
4264, 20 
2765, 19 
4289, 18 
3094, 11 
4232, 28 
4099, 18 
3419, 52 
3510, 17 
4256, 19 
4176, 18 
3084, 19 
2867, 28 
3836, 31 
3367, 28 
4285, 28 
3366, 17 
3044, 20 
3443, 20 
2772, 38 
4284, 18 
2961, 18 
2938, 21 
4252, 19 
2770, 21 
3791, 23 
3439, 32 
4239, 18 
3394, 25 
3376, 18 
3545, 19 
3792, 24 
4255, 25 
4262, 29 
3041, 19 
3789, 29 
3288, 24 
2763, 40 
3353, 20 
3398, 28 
4275, 24 
3280, 19 
3402, 26 
4101, 28 
3379, 29 
4259, 19 
2944, 20 
3442, 24 
3807, 29 
4096, 29 
3786, 20 
3399, 28 
4215, 20 
4092, 26 
4244, 19 
3216, 20 
4227, 19 
2934, 21 
3186, 20 
3175, 18 
2891, 22 
4097, 20 
4286, 19 
3496, 25 
2935, 23 
2811, 37 
3136, 18 
3519, 20 
4154, 18 
4172, 26 
4254, 18 
3213, 17 
3396, 19 
3278, 19 
2939, 19 
4157, 28 
3435, 19 
2767, 19 
4150, 27 
3217, 29 
3095, 15 
3802, 21 
3434, 22 
3412, 22 
3417, 21 
4267, 27 
3383, 23 
3401, 20 
4222, 29 
3805, 20 
3351, 20 
3198, 19 
4237, 28 
4166, 19 
3397, 27 
3391, 18 
3188, 19 
3384, 29 
4179, 21 
3515, 18 
4246, 22 
4175, 18 
4217, 20 
2943, 18 
2871, 37 
3551, 22 
3034, 19 
3243, 27 
3465, 22 
4104, 18 
4221, 24 
3203, 27 
2945, 22 
3145, 19 
4257, 22 
2868, 27 
3566, 20 
4190, 27 
3291, 20 
3362, 30 
2775, 17 
3531, 24 
4245, 24 
4170, 28 
3387, 22 
2941, 21 
3354, 25 
4114, 21 
2940, 24 
4277, 29 
2863, 31 
3363, 26 
3416, 20 
3281, 19 
3382, 28 
4171, 27 
3812, 29 
2805, 19 
3352, 18 
3556, 18 
3393, 19 
3536, 19 
3321, 18 
4220, 23 
4224, 20 
3381, 19 
4167, 26 
4242, 28 
3433, 19 
3308, 25 
4240, 18 
3525, 18 
3282, 29 
3561, 25 
3223, 25 
3218, 17 
3432, 22 
3801, 20 
3290, 19 
3262, 20 
3292, 29 
3438, 23 
3364, 26 
3800, 34 
3533, 18 
3263, 20 
3343, 17 
3348, 18 
3361, 18 
4229, 19 
3803, 30 
3258, 18 
3541, 25 
3285, 18 
3225, 21 
3349, 18 
3808, 29 
3409, 28 
3319, 19 
4169, 18 
3346, 18 
3040, 18 
3257, 18 
4181, 30 
3245, 18 
3356, 19 
2894, 18 
3286, 17 
3301, 28 
4261, 29 
3318, 21 
4174, 18 
3327, 19 
3540, 19 
3392, 19 
3530, 29 
3283, 19 
3357, 20 
3793, 19 
3331, 18 
3524, 31 
3529, 30 
2777, 35 
3358, 23 
3337, 26 
3342, 24 
4247, 28 
4186, 19 
3386, 20 
4235, 22 
4249, 20 
3564, 19 
2776, 37 
3534, 17 
2884, 20 
3411, 18 
3539, 22 
3528, 18 
2885, 20 
3231, 22 
3298, 29 
3251, 30 
3302, 30 
3521, 17 
3332, 31 
3359, 19 
4184, 18 
2780, 17 
3240, 19 
3538, 19 
3313, 19 
3324, 25 
4086, 29 
3322, 28 
4187, 19 
4192, 19 
4165, 18 
4185, 18 
3404, 25 
4205, 18 
3518, 18 
2886, 18 
4084, 21 
3328, 30 
4007, 18 
3408, 29 
3336, 20 
4180, 19 
3407, 30 
2778, 37 
4204, 19 
4087, 18 
3303, 21 
2783, 36 
3565, 19 
2786, 38 
4091, 30 
2895, 22 
3314, 18 
4206, 18 
2888, 19 
3832, 23 
2889, 18 
3293, 31 
4182, 19 
2785, 18 
2890, 21 
3413, 25 
3842, 27 
3831, 27 
3305, 18 
2781, 38 
3388, 29 
4177, 19 
3311, 19 
3300, 18 
3323, 29 
4074, 19 
3816, 28 
4080, 19 
4197, 20 
3535, 20 
3403, 24 
3806, 28 
3297, 27 
3334, 29 
4212, 29 
4200, 28 
3307, 19 
4191, 29 
4004, 18 
3523, 19 
3253, 22 
3329, 29 
4079, 18 
2782, 37 
3406, 20 
3310, 19 
3326, 18 
3414, 26 
3341, 18 
4978, 55 
3815, 21 
3835, 31 
4209, 19 
4210, 28 
3338, 28 
4211, 22 
4195, 28 
4196, 27 
4090, 31 
3826, 30 
4194, 18 
3306, 24 
4089, 18 
3830, 29 
3520, 32 
4002, 18 
4005, 19 
4077, 22 
4202, 19 
3840, 30 
3837, 29 
4003, 25 
3825, 21 
3316, 18 
3296, 30 
3838, 29 
3841, 29 
4076, 17 
4214, 22 
3818, 19 
3813, 30 
3828, 30 
3817, 19 
3333, 28 
3833, 26 
3312, 19 
4082, 19 
4075, 24 
4199, 18 
4601, 17 
4667, 25 
3827, 21 
5014, 30 
4126, 29 
4117, 29 
4119, 18 
4120, 22 
4132, 20 
4139, 20 
4116, 30 
4131, 28 
4134, 19 
4122, 27 
5024, 30 
4137, 19 
4124, 20 
4115, 28 
4129, 20 
4127, 32 
6270, 27 
4125, 24 
4136, 18 
4121, 22 
4135, 19 
4130, 28 
5018, 30 
6228, 19 
5021, 30 
6215, 28 
4321, 27 
4330, 29 
6444, 23 
6714, 19 
6129, 21 
6219, 134 
6181, 21 
6281, 22 
4316, 20 
5019, 30 
6062, 22 
5016, 28 
6075, 24 
4669, 27 
6509, 27 
4320, 21 
4653, 21 
6653, 17 
6443, 18 
6172, 17 
4529, 20 
4648, 29 
6245, 20 
4322, 20 
6402, 20 
4329, 19 
4649, 22 
4646, 21 
4327, 20 
4652, 21 
4651, 20 
6661, 20 
6604, 19 
4324, 18 
4537, 29 
4643, 20 
4339, 18 
4325, 23 
4672, 19 
4654, 20 
4331, 30 
4659, 30 
4979, 31 
4677, 19 
4332, 19 
4335, 28 
4534, 29 
4317, 29 
4336, 20 
6477, 24 
4996, 21 
4315, 19 
6076, 29 
4691, 19 
4581, 20 
4532, 18 
4977, 33 
4536, 19 
4573, 29 
4647, 28 
4337, 30 
4531, 18 
4791, 19 
4539, 23 
4976, 20 
4674, 30 
4658, 30 
4334, 19 
4661, 20 
4326, 20 
4656, 18 
4693, 18 
6278, 17 
4644, 27 
4676, 19 
4576, 19 
4642, 28 
4319, 18 
4568, 23 
4584, 29 
6043, 30 
4587, 24 
4974, 26 
4673, 22 
4696, 19 
4577, 20 
4572, 19 
4662, 29 
4602, 28 
4692, 29 
4981, 18 
6464, 23 
4694, 30 
4671, 19 
4548, 29 
4552, 27 
4699, 20 
4666, 19 
4528, 19 
4589, 25 
4583, 29 
4533, 19 
6367, 18 
4551, 18 
6203, 122 
4538, 30 
6071, 19 
6656, 19 
4567, 19 
6074, 22 
4664, 29 
4797, 29 
4571, 20 
4986, 20 
6199, 127 
4566, 18 
4657, 18 
4592, 19 
4588, 26 
6098, 131 
6040, 20 
6213, 133 
4641, 18 
4698, 30 
4599, 19 
4834, 29 
4562, 29 
6735, 19 
4561, 19 
4546, 18 
6500, 20 
6445, 24 
4913, 27 
4594, 20 
4982, 29 
6332, 20 
6180, 20 
4549, 27 
6437, 19 
4851, 19 
4668, 30 
6336, 21 
6087, 19 
4961, 30 
4984, 27 
6439, 21 
4521, 22 
4663, 31 
4586, 18 
4591, 19 
6438, 19 
4544, 30 
4904, 28 
4596, 20 
6442, 19 
4621, 21 
4593, 27 
4798, 30 
4793, 24 
4997, 19 
4988, 31 
4701, 20 
4708, 22 
6090, 19 
4983, 29 
4901, 19 
6077, 20 
4553, 30 
4842, 26 
4542, 18 
6079, 27 
4569, 21 
4911, 20 
4687, 29 
4582, 18 
4614, 19 
4727, 27 
6176, 20 
4992, 22 
4554, 30 
6080, 20 
6061, 21 
6397, 20 
4578, 25 
6218, 20 
3658, 17 
4688, 31 
6088, 19 
4814, 22 
6103, 22 
6202, 57 
4987, 25 
4624, 33 
4801, 21 
4908, 30 
4998, 21 
4598, 20 
4794, 27 
4994, 22 
4616, 18 
6381, 20 
5022, 28 
6082, 21 
6333, 21 
6326, 22 
6095, 20 
4522, 18 
4597, 20 
5006, 19 
6117, 25 
6441, 19 
4686, 22 
4991, 22 
4702, 27 
4623, 18 
6093, 24 
4799, 30 
6339, 19 
6346, 21 
5001, 20 
6345, 22 
4611, 19 
4704, 26 
6092, 20 
4888, 22 
4608, 31 
4556, 19 
6208, 133 
6434, 19 
4681, 20 
5012, 28 
4543, 29 
6327, 20 
4903, 23 
4852, 30 
6070, 22 
5023, 31 
4796, 19 
6171, 20 
6053, 19 
6253, 20 
4989, 27 
6431, 21 
6058, 23 
6250, 21 
6446, 20 
6252, 21 
4841, 30 
4627, 30 
4697, 29 
6048, 19 
4517, 28 
6081, 20 
6182, 22 
4993, 29 
4804, 27 
6503, 20 
4563, 29 
4881, 20 
6031, 20 
6086, 20 
6200, 29 
6056, 20 
7284, 19 
4558, 27 
4747, 22 
6190, 26 
6116, 21 
6033, 18 
4523, 27 
4559, 18 
4527, 20 
6091, 19 
6085, 20 
4714, 25 
4963, 22 
4843, 29 
4617, 27 
6223, 131 
4547, 19 
6096, 23 
6342, 21 
4711, 21 
6038, 20 
4849, 18 
4847, 22 
6308, 24 
5008, 28 
4703, 21 
6073, 25 
6508, 20 
5009, 31 
4603, 21 
6347, 22 
6273, 21 
6211, 28 
4607, 18 
4821, 19 
6102, 20 
6035, 30 
4808, 29 
6470, 21 
4907, 29 
6178, 29 
4541, 18 
4684, 18 
4757, 20 
4748, 24 
4802, 19 
6331, 20 
6340, 20 
4709, 27 
6646, 27 
4844, 26 
6233, 25 
4682, 22 
6261, 19 
4613, 28 
4689, 22 
4792, 28 
6232, 21 
6262, 23 
6282, 26 
4622, 20 
6037, 22 
4564, 26 
4526, 19 
5003, 22 
6338, 27 
6330, 29 
6378, 33 
6183, 20 
6206, 137 
5013, 28 
4604, 18 
6280, 31 
6272, 19 
6398, 26 
4713, 22 
6112, 21 
6235, 19 
6045, 23 
6386, 24 
4806, 19 
6254, 19 
6097, 24 
4679, 28 
6307, 22 
4878, 30 
4887, 18 
4879, 30 
6494, 22 
4632, 22 
4716, 20 
4771, 19 
6060, 21 
4756, 21 
6350, 134 
6100, 19 
6239, 134 
6248, 19 
6486, 21 
6106, 20 
6667, 21 
4619, 29 
6377, 20 
6177, 19 
4846, 21 
4717, 18 
6283, 22 
6249, 19 
6341, 20 
4718, 30 
4743, 25 
6196, 20 
4722, 28 
4912, 30 
6257, 20 
4726, 20 
6099, 27 
6032, 22 
4707, 29 
6384, 19 
6055, 29 
4818, 19 
6259, 85 
6205, 24 
6063, 28 
6310, 21 
4807, 20 
6306, 29 
6046, 23 
6057, 23 
6292, 29 
4882, 23 
4896, 19 
6379, 20 
5002, 23 
6119, 19 
4968, 19 
4719, 29 
4762, 31 
4803, 28 
4811, 19 
4761, 20 
6429, 20 
4618, 29 
4763, 53 
4524, 19 
6204, 26 
6185, 20 
4813, 20 
6105, 20 
4973, 24 
4883, 25 
6165, 20 
6016, 20 
6649, 20 
6271, 29 
5011, 20 
4812, 20 
6198, 131 
6011, 22 
4773, 30 
6321, 19 
7581, 16 
6201, 19 
4518, 32 
4884, 23 
6195, 20 
6266, 19 
6328, 28 
6221, 32 
6349, 126 
6319, 22 
6603, 19 
4721, 18 
6227, 19 
6068, 21 
4751, 20 
6433, 96 
4809, 30 
4759, 18 
4723, 26 
6226, 20 
4683, 19 
4481, 17 
4892, 19 
6217, 21 
4741, 19 
5007, 31 
4967, 19 
6277, 20 
6302, 20 
6120, 23 
4754, 30 
4823, 28 
4817, 21 
6191, 20 
6601, 18 
4519, 22 
4746, 21 
6012, 19 
4827, 19 
6109, 24 
6383, 19 
6263, 20 
4848, 24 
6654, 26 
6101, 21 
6050, 21 
4897, 22 
5004, 22 
6382, 19 
6127, 22 
6275, 21 
6013, 20 
6392, 23 
6447, 26 
6426, 22 
6216, 27 
6168, 18 
6265, 19 
6189, 60 
6299, 21 
6114, 25 
6247, 26 
4966, 19 
4758, 27 
4777, 27 
6225, 30 
4629, 27 
6491, 22 
4972, 30 
6296, 55 
4768, 20 
4999, 27 
4766, 19 
6051, 19 
7275, 18 
6193, 131 
6194, 117 
6010, 22 
6108, 23 
6652, 19 
4962, 21 
6502, 20 
4971, 19 
6065, 19 
4612, 19 
6617, 19 
6485, 22 
6388, 21 
4864, 27 
7561, 12 
6110, 20 
6396, 29 
6393, 20 
6229, 26 
6300, 20 
4893, 27 
6131, 25 
6015, 23 
6288, 20 
6314, 19 
4854, 28 
6212, 132 
4767, 19 
6284, 19 
4861, 19 
3674, 20 
4853, 31 
4776, 18 
4969, 19 
6400, 21 
6424, 18 
4899, 26 
6304, 25 
6122, 21 
6389, 20 
4774, 28 
4862, 26 
6312, 20 
6484, 23 
4898, 20 
7570, 15 
6052, 19 
6067, 19 
6495, 25 
6487, 20 
4772, 21 
6325, 21 
6394, 20 
4744, 26 
4819, 18 
6267, 21 
6435, 27 
6613, 20 
6260, 20 
6184, 19 
6497, 20 
4609, 22 
6660, 21 
4516, 22 
6017, 20 
6237, 19 
4909, 31 
6669, 28 
6186, 20 
6290, 24 
6666, 19 
4891, 19 
6356, 22 
6115, 22 
6432, 26 
4764, 30 
6142, 19 
6659, 22 
4826, 18 
6244, 21 
6664, 24 
6391, 19 
4863, 27 
4724, 19 
6276, 19 
6436, 20 
6047, 20 
6427, 23 
6399, 21 
4742, 30 
6358, 21 
6614, 19 
6111, 21 
6298, 20 
6125, 20 
6651, 23 
6188, 56 
6295, 101 
4789, 19 
6222, 20 
6490, 21 
6428, 19 
6387, 19 
6309, 21 
6619, 19 
6833, 18 
6124, 19 
4738, 18 
4732, 27 
6492, 22 
6405, 22 
6404, 23 
4894, 20 
4902, 30 
7498, 21 
6609, 18 
6634, 20 
6496, 19 
4736, 20 
4828, 30 
6286, 20 
4857, 22 
4628, 30 
6463, 20 
4728, 30 
6320, 21 
6504, 25 
6662, 27 
4638, 30 
4637, 29 
4838, 31 
6135, 19 
6695, 20 
4831, 19 
6813, 21 
6355, 27 
4739, 28 
6005, 29 
6285, 26 
4858, 27 
6616, 24 
6507, 19 
6401, 19 
6647, 26 
6469, 24 
4729, 26 
6707, 20 
4833, 29 
4874, 28 
6121, 22 
3661, 19 
6132, 20 
6648, 20 
6706, 20 
6293, 28 
6608, 22 
4824, 25 
6461, 19 
6322, 26 
4631, 19 
6480, 21 
4737, 19 
6363, 20 
6410, 19 
3657, 19 
6160, 22 
6406, 21 
4868, 30 
6159, 20 
4877, 29 
6489, 19 
6704, 28 
4769, 18 
4839, 31 
6458, 19 
6022, 20 
7534, 36 
7623, 22 
4829, 31 
6316, 29 
6702, 21 
6344, 22 
6607, 21 
6482, 22 
4749, 19 
6715, 24 
6643, 19 
6665, 19 
3065, 12 
6268, 20 
6357, 23 
6143, 21 
6466, 28 
6411, 24 
6501, 63 
6633, 20 
3664, 18 
6600, 25 
4784, 19 
3683, 30 
6139, 19 
6351, 19 
6716, 20 
6717, 20 
4636, 21 
6140, 21 
6479, 23 
6414, 20 
4634, 27 
6009, 123 
6471, 26 
6415, 21 
4639, 29 
6700, 21 
6359, 21 
6694, 20 
6027, 19 
6632, 20 
6611, 19 
6697, 21 
6462, 22 
4779, 28 
4731, 20 
6658, 23 
6241, 23 
6236, 19 
6602, 19 
6144, 21 
6371, 22 
6467, 20 
6631, 20 
6407, 24 
6638, 20 
6234, 22 
4836, 31 
6313, 22 
6642, 21 
6627, 24 
6449, 20 
4786, 19 
6506, 20 
6374, 21 
6624, 21 
6451, 20 
4734, 28 
6352, 19 
3663, 20 
6711, 20 
3784, 22 
6505, 21 
6622, 21 
6636, 21 
6644, 18 
6417, 21 
6612, 21 
6021, 19 
3067, 20 
4856, 20 
6134, 21 
6637, 20 
6709, 25 
6701, 22 
6639, 20 
3069, 12 
6453, 19 
6419, 19 
6170, 28 
3070, 12 
3673, 24 
4837, 20 
6137, 19 
4782, 23 
6481, 23 
6425, 27 
4783, 17 
6372, 19 
6618, 50 
6712, 19 
6416, 21 
6162, 20 
6366, 19 
6457, 19 
4781, 18 
6164, 21 
6018, 18 
6163, 21 
3676, 21 
7495, 24 
6030, 20 
6368, 21 
6626, 21 
4871, 21 
6023, 20 
4733, 32 
6476, 23 
6699, 20 
6409, 20 
6628, 20 
3061, 18 
6376, 19 
3662, 23 
3066, 11 
3064, 12 
6454, 18 
6169, 22 
4788, 30 
4876, 21 
3679, 18 
6621, 21 
3672, 28 
6459, 23 
3667, 18 
6478, 25 
6623, 19 
6026, 21 
4832, 22 
6499, 20 
6421, 19 
6452, 20 
6020, 20 
6473, 20 
3680, 31 
6710, 18 
4869, 29 
6606, 21 
6133, 19 
3669, 28 
6167, 24 
6696, 20 
4873, 29 
6422, 18 
4487, 21 
6862, 21 
6365, 30 
4476, 19 
6420, 20 
6025, 19 
6472, 22 
6369, 19 
7295, 20 
7373, 21 
4484, 23 
6362, 21 
3678, 18 
6978, 18 
3675, 29 
6973, 20 
4469, 29 
6412, 23 
4482, 33 
3059, 19 
4866, 19 
4787, 29 
4483, 24 
3681, 30 
7030, 21 
6448, 19 
3056, 20 
6763, 25 
6474, 20 
4466, 18 
4486, 19 
4872, 31 
4489, 22 
6734, 21 
7461, 21 
3060, 18 
3058, 18 
7463, 21 
4468, 30 
3049, 18 
7033, 20 
4867, 32 
3055, 19 
7077, 26 
4474, 28 
6373, 24 
3051, 18 
6736, 28 
7478, 24 
6730, 21 
7068, 21 
7277, 19 
4488, 27 
6739, 21 
3054, 18 
6948, 18 
7614, 19 
6859, 19 
7045, 22 
7377, 55 
7287, 21 
4478, 24 
7420, 21 
7037, 19 
7039, 23 
7032, 21 
7539, 22 
7079, 18 
6818, 20 
7598, 20 
6719, 19 
7272, 20 
7462, 23 
7089, 17 
7578, 21 
7491, 20 
7576, 19 
6727, 18 
7490, 20 
7428, 19 
7465, 24 
7296, 26 
4477, 31 
7063, 20 
6728, 26 
7485, 21 
7382, 36 
6731, 20 
4479, 29 
7471, 19 
7452, 20 
6798, 28 
6820, 20 
6729, 20 
6829, 22 
7472, 20 
7580, 20 
7480, 30 
7034, 22 
7015, 25 
7414, 23 
6909, 21 
7274, 20 
7385, 22 
7584, 45 
7290, 21 
6825, 20 
7007, 21 
7375, 31 
7029, 22 
7075, 20 
7486, 20 
7281, 20 
7016, 21 
7482, 22 
7497, 26 
7476, 21 
7411, 19 
7477, 20 
7435, 23 
7379, 28 
7504, 24 
7574, 21 
7453, 21 
6911, 20 
3053, 18 
7125, 10 
6834, 19 
7433, 19 
7457, 19 
7035, 22 
6814, 25 
6817, 19 
7006, 21 
6823, 20 
7590, 25 
7475, 34 
4467, 19 
7586, 21 
7040, 19 
7391, 20 
7517, 25 
6913, 27 
6916, 21 
7604, 19 
7483, 18 
7078, 20 
4472, 29 
6754, 20 
7492, 21 
7292, 20 
6908, 21 
7429, 19 
7487, 19 
7421, 21 
7488, 21 
7473, 20 
6830, 79 
7073, 19 
7468, 20 
6925, 21 
7376, 20 
4471, 29 
7460, 22 
7451, 19 
7285, 26 
7294, 24 
6815, 20 
6835, 20 
7527, 27 
7522, 21 
7406, 22 
7286, 20 
7017, 20 
7450, 19 
7575, 20 
6914, 20 
7436, 25 
7282, 21 
7589, 31 
6906, 24 
7395, 22 
7535, 22 
7401, 22 
7383, 19 
6922, 24 
7587, 20 
7071, 20 
6822, 20 
7458, 86 
7399, 24 
7530, 21 
7467, 21 
7503, 21 
7408, 24 
7404, 20 
7067, 20 
7524, 22 
7592, 22 
6722, 20 
6837, 22 
6921, 22 
7511, 29 
7410, 20 
7526, 21 
6828, 21 
7593, 21 
7418, 18 
7547, 19 
7525, 26 
7013, 21 
7424, 24 
6907, 20 
7008, 20 
7520, 19 
7072, 23 
7601, 22 
7466, 22 
6917, 22 
6720, 25 
7386, 19 
7276, 25 
7510, 24 
7070, 29 
6788, 20 
7012, 25 
7456, 25 
6929, 19 
7393, 22 
7494, 23 
7289, 19 
6920, 19 
7426, 19 
7585, 20 
7312, 14 
7505, 22 
7506, 20 
7389, 20 
7430, 27 
7280, 20 
7442, 22 
7521, 20 
7500, 20 
7528, 24 
7545, 21 
7555, 20 
7599, 19 
6732, 19 
7559, 19 
6915, 21 
6827, 19 
7579, 23 
7291, 18 
7582, 23 
7413, 27 
7552, 19 
7448, 21 
7434, 20 
6926, 21 
7549, 20 
6824, 20 
7409, 20 
6799, 26 
7600, 20 
7595, 20 
7398, 24 
6808, 19 
7550, 20 
7378, 24 
6904, 19 
7608, 21 
6721, 21 
7523, 26 
7423, 20 
7557, 20 
6957, 19 
7540, 28 
6718, 21 
7279, 19 
7544, 20 
6962, 25 
7403, 22 
7518, 20 
6963, 19 
6958, 18 
7516, 21 
7405, 23 
7531, 20 
7564, 20 
6956, 21 
7419, 21 
7431, 20 
7415, 21 
7594, 21 
7394, 21 
7569, 20 
7556, 19 
6723, 24 
7615, 24 
6757, 19 
6801, 20 
6794, 19 
7446, 20 
6762, 20 
6919, 21 
7605, 26 
7603, 20 
7551, 18 
7388, 25 
7005, 24 
7616, 20 
7596, 21 
7425, 20 
7400, 22 
6959, 23 
7571, 26 
7610, 20 
6901, 20 
6790, 20 
7111, 18 
6797, 20 
7529, 22 
6802, 19 
6744, 26 
7447, 20 
7619, 20 
7508, 19 
7609, 20 
7613, 22 
6724, 21 
6804, 24 
7572, 22 
7390, 20 
6789, 20 
7396, 21 
7542, 22 
6807, 22 
6759, 21 
7537, 20 
6793, 22 
6726, 19 
7554, 20 
6792, 20 
6927, 19 
7439, 24 
7611, 20 
6761, 22 
6795, 20 
7541, 19 
7546, 20 
7108, 24 
7441, 21 
7514, 25 
6758, 20 
6752, 20 
7515, 23 
6867, 22 
6902, 23 
7621, 22 
7532, 21 
6806, 27 
7606, 23 
6979, 25 
6903, 21 
6967, 22 
6812, 27 
6771, 19 
7618, 23 
7562, 81 
6900, 23 
6845, 21 
6924, 20 
6753, 19 
7443, 67 
6809, 21 
6785, 20 
6840, 20 
7620, 21 
7566, 21 
7416, 22 
7042, 24 
6869, 22 
6984, 39 
6756, 24 
6986, 20 
6863, 27 
3623, 18 
6865, 22 
6725, 20 
6983, 21 
6810, 23 
6848, 19 
7050, 20 
6843, 22 
7565, 25 
6864, 19 
6988, 22 
7052, 75 
6854, 19 
6800, 30 
7065, 29 
6868, 26 
6858, 20 
6850, 21 
3919, 4 
6987, 19 
6853, 20 
7019, 20 
7270, 19 
6981, 26 
7567, 22 
6849, 21 
6773, 19 
7043, 23 
6857, 20 
6838, 20 
6852, 21 
7114, 20 
6968, 19 
6847, 21 
7049, 21 
6842, 19 
6989, 23 
6982, 20 
6972, 21 
7059, 26 
6839, 19 
6971, 24 
6844, 20 
6977, 19 
3640, 19 
7048, 25 
7057, 28 
6954, 20 
6775, 19 
7055, 20 
7044, 20 
7047, 33 
6992, 26 
6766, 22 
3645, 18 
3655, 22 
7109, 25 
6860, 26 
6769, 19 
7110, 20 
7053, 29 
6945, 22 
7083, 20 
7091, 19 
7102, 26 
6774, 20 
6976, 19 
3642, 20 
6772, 31 
6949, 23 
7027, 20 
6947, 20 
3624, 18 
6764, 30 
3653, 19 
7105, 23 
7115, 22 
6953, 21 
7061, 19 
3651, 31 
3648, 18 
7060, 20 
7116, 20 
6855, 22 
3646, 20 
6778, 20 
6974, 29 
3656, 19 
3652, 18 
7088, 19 
7028, 25 
6767, 19 
7025, 25 
3639, 19 
6946, 18 
6742, 21 
6746, 21 
7094, 21 
7086, 18 
7062, 19 
6951, 20 
7113, 27 
7085, 21 
7098, 19 
6749, 21 
6969, 27 
7100, 20 
3647, 46 
3620, 19 
7066, 22 
3650, 20 
3636, 19 
7096, 23 
6943, 20 
7106, 19 
7090, 20 
6751, 21 
3641, 20 
7024, 21 
6768, 20 
6952, 19 
7093, 20 
7095, 18 
6939, 22 
6932, 22 
7084, 20 
6780, 21 
6783, 21 
6786, 25 
7104, 21 
6776, 20 
7302, 20 
7022, 21 
6741, 21 
6781, 20 
7023, 21 
3621, 19 
7304, 21 
7018, 22 
7261, 21 
7269, 20 
7103, 19 
6784, 20 
7739, 19 
7265, 19 
6745, 27 
7021, 29 
6941, 24 
7260, 20 
7266, 20 
7026, 32 
7300, 22 
7099, 20 
7271, 23 
6748, 20 
6937, 26 
7267, 22 
7262, 19 
6740, 20 
6931, 19 
6787, 20 
7319, 23 
7121, 21 
6930, 23 
6942, 21 
6994, 45 
7314, 26 
7254, 21 
4411, 30 
7120, 20 
6996, 20 
7256, 22 
7003, 20 
6998, 21 
4396, 18 
4397, 19 
6993, 20 
6999, 19 
4392, 31 
3598, 20 
7255, 19 
6995, 19 
4414, 19 
3604, 19 
6779, 22 
7004, 24 
6936, 21 
4409, 18 
7001, 22 
4410, 30 
7119, 19 
3593, 18 
3618, 21 
4390, 20 
3599, 18 
3601, 19 
4400, 26 
3608, 27 
3600, 18 
6934, 25 
7305, 23 
3596, 19 
4391, 20 
7118, 19 
4406, 25 
4402, 28 
4405, 30 
6935, 21 
4407, 29 
4404, 20 
7315, 19 
7301, 20 
7257, 20 
7311, 20 
4395, 19 
7299, 20 
4399, 21 
3609, 19 
7316, 20 
4394, 18 
7309, 20 
4412, 30 
7307, 20 
7310, 22 
7000, 20 
3610, 18 
7321, 23 
3616, 18 
3614, 20 
3615, 19 
7322, 24 
3619, 21 
3605, 29 
4401, 29 
3594, 21 
3595, 19 
3603, 22 
7297, 20 
4346, 30 
7729, 63 
3861, 29 
3892, 12 
7744, 23 
4349, 18 
7745, 21 
3843, 30 
7752, 20 
4351, 24 
7734, 67 
4344, 18 
7730, 18 
7733, 20 
7751, 23 
7746, 19 
4340, 29 
7731, 20 
4345, 20 
7749, 20 
7735, 21 
7741, 20 
4369, 18 
4341, 30 
4350, 23 
7750, 19 
4355, 21 
4356, 24 
4361, 30 
7743, 19 
7738, 19 
4364, 18 
7740, 19 
7753, 19 
4371, 27 
4359, 18 
4379, 20 
4342, 27 
4354, 19 
4386, 24 
4384, 19 
4365, 19 
4347, 30 
4360, 19 
4362, 30 
4370, 28 
4367, 18 
4372, 21 
4382, 18 
4376, 29 
4357, 21 
4375, 30 
4352, 28 
4381, 23 
3585, 19 
4387, 21 
4366, 25 
4377, 26 
4380, 18 
4385, 29 
4389, 19 
4374, 19 
3589, 19 
3583, 19 
3580, 19 
3573, 19 
3591, 19 
3586, 19 
3577, 19 
3574, 19 
3584, 19 
3569, 22 
3588, 20 
3590, 22 
3575, 20 
3571, 21 
3568, 19 
3570, 20 
3578, 18 
3579, 31 
3868, 31 
3880, 19 
3863, 26 
3870, 29 
3581, 20 
3862, 30 
3869, 28 
3875, 21 
3878, 30 
3876, 31 
3879, 22 
3865, 31 
3873, 30 
3893, 30 
7640, 14 
3864, 28 
3866, 28 
3874, 30 
3871, 21 
3915, 30 
3911, 30 
3907, 23 
3906, 28 
3900, 20 
3905, 29 
3896, 20 
3914, 28 
3899, 30 
3909, 18 
3912, 30 
3902, 32 
3897, 28 
3913, 30 
3894, 29 
3910, 34 
3904, 30 
3895, 19 
7644, 20 
3901, 29 
7643, 23 
7626, 22 
7632, 21 
3993, 24 
7637, 24 
7624, 28 
7638, 19 
7631, 24 
7625, 64 
7633, 21 
7649, 24 
7635, 22 
7647, 20 
7629, 20 
3994, 29 
7645, 27 
3982, 19 
7642, 31 
7628, 23 
3985, 20 
3991, 25 
7639, 19 
3999, 19 
4508, 20 
3992, 26 
3984, 20 
3989, 19 
3979, 22 
3980, 23 
7634, 20 
3995, 31 
3987, 31 
3997, 24 
3988, 19 
3983, 29 
4000, 20 
3990, 28 
3998, 26 
4503, 20 
4494, 19 
4512, 29 
4496, 19 
4502, 29 
7363, 19 
4498, 19 
4497, 19 
7354, 19 
7371, 30 
7357, 23 
7356, 19 
7351, 21 
4492, 22 
7362, 20 
4493, 20 
7348, 19 
4501, 22 
4507, 18 
7353, 19 
7372, 19 
7358, 20 
7349, 20 
7352, 20 
4491, 20 
7364, 21 
7361, 20 
7368, 20 
7366, 20 
7369, 20 
4499, 20 
4511, 18 
4514, 29 
7367, 20 
4504, 27 
4509, 29 
7359, 21 
4513, 25 
4506, 21 
7762, 134 
7765, 137 
7757, 139 
7770, 138 
7768, 133 
7763, 131 
7772, 138 
7766, 134 
7761, 134 
7760, 134 
7758, 136 
7767, 134 
7771, 134 
6677, 20 
6670, 19 
7756, 136 
6681, 19 
6675, 19 
6674, 30 
6671, 28 
6684, 20 
6676, 19 
6672, 20 
6692, 20 
6682, 21 
6679, 20 
6680, 21 
6689, 24 
6686, 21 
6685, 21 
6690, 19 
6687, 21 
6691, 22 
6678, 27 
7779, 21 
7776, 18 
7755, 24 
7777, 19 
7775, 19 
7774, 21 
7798, 18 
4294, 18 
4306, 20 
7786, 19 
4291, 28 
4295, 31 
7794, 19 
4304, 20 
4297, 29 
4300, 26 
4314, 18 
4311, 23 
7795, 19 
4296, 29 
4290, 28 
7800, 20 
4309, 19 
4305, 21 
7781, 20 
7799, 19 
4307, 31 
7797, 20 
7782, 23 
4292, 20 
4301, 30 
7793, 20 
7790, 20 
4312, 21 
7783, 21 
7789, 19 
7788, 20 
7802, 132 
7792, 19 
7780, 21 
7804, 20 
4310, 28 
4302, 29 
7803, 19 
7787, 20 
7704, 137 
4299, 20 
7706, 24 
7707, 20 
7725, 19 
7709, 41 
7717, 19 
7722, 20 
7714, 19 
7720, 19 
7721, 21 
7705, 22 
7728, 21 
7710, 20 
7715, 21 
4419, 18 
7719, 21 
7712, 19 
7711, 20 
4415, 20 
4437, 29 
4435, 28 
4432, 29 
4422, 28 
4436, 28 
4416, 28 
4434, 19 
4431, 20 
7716, 21 
4420, 27 
4424, 19 
4421, 22 
4425, 21 
4430, 28 
4439, 18 
4429, 19 
4426, 23 
4417, 20 
4427, 20 
7660, 18 
7674, 17 
7669, 19 
7677, 24 
7663, 20 
7651, 21 
7666, 19 
7653, 21 
7661, 21 
7662, 20 
7673, 22 
7668, 20 
7667, 19 
7672, 22 
7652, 28 
7658, 62 
7650, 32 
7676, 19 
7664, 20 
7671, 20 
4440, 30 
4451, 19 
4452, 21 
4442, 29 
4462, 21 
4446, 22 
4445, 29 
4457, 19 
4461, 18 
4447, 30 
4459, 31 
4449, 26 
4441, 31 
4458, 22 
4448, 29 
4454, 21 
4464, 21 
4463, 28 
4453, 24 
4456, 21 
7324, 21 
7325, 21 
7329, 20 
7346, 19 
7338, 20 
7342, 20 
7323, 21 
7335, 27 
7333, 21 
7341, 23 
7332, 20 
7339, 21 
7330, 21 
7328, 20 
7344, 23 
7347, 24 
7327, 20 
7337, 20 
7343, 19 
7694, 21 
7336, 20 
7703, 21 
7681, 19 
7687, 24 
7683, 19 
7696, 21 
7689, 23 
7692, 20 
7697, 20 
7701, 21 
7679, 19 
7684, 21 
7688, 18 
7699, 20 
7682, 19 
7691, 24 
7686, 21 
7698, 24 
7678, 21 
7693, 21 
7757, 139 
7770, 138 
